LENGTH,50
VERTEX,0
VERTEX,0
VERTEX,0
VERTEX,0
VERTEX,0
50,0.200000,4,PRIO,0.800000
50,0.200000,4,FIFO,0.200000
50,0.200000,4,LIFO,0.400000
VERTEX,0
VERTEX,0
VERTEX,0
VERTEX,0
VERTEX,0
50,0.500000,4,PRIO,1.000000
50,0.500000,4,FIFO,1.600000
50,0.500000,4,LIFO,1.200000
VERTEX,0
VERTEX,0
VERTEX,0
VERTEX,0
VERTEX,0
50,0.800000,4,PRIO,1.400000
50,0.800000,4,FIFO,5.600000
50,0.800000,4,LIFO,1.400000
LENGTH,100
VERTEX,0
VERTEX,0
VERTEX,0
VERTEX,0
VERTEX,0
100,0.200000,4,PRIO,1.200000
100,0.200000,4,FIFO,1.200000
100,0.200000,4,LIFO,1.200000
VERTEX,0
VERTEX,0
VERTEX,1
VERTEX,0
VERTEX,0
100,0.500000,4,PRIO,1.800000
100,0.500000,4,FIFO,1.000000
100,0.500000,4,LIFO,1.000000
VERTEX,0
VERTEX,0
VERTEX,0
VERTEX,0
VERTEX,1
100,0.800000,4,PRIO,2.000000
100,0.800000,4,FIFO,1.000000
100,0.800000,4,LIFO,1.000000
LENGTH,200
VERTEX,0
VERTEX,0
VERTEX,1
VERTEX,0
VERTEX,0
200,0.200000,4,PRIO,0.800000
200,0.200000,4,FIFO,1.000000
200,0.200000,4,LIFO,1.000000
VERTEX,1
VERTEX,0
VERTEX,1
VERTEX,1
VERTEX,0
200,0.500000,4,PRIO,1.000000
200,0.500000,4,FIFO,1.000000
200,0.500000,4,LIFO,0.800000
VERTEX,1
VERTEX,1
VERTEX,1
VERTEX,1
VERTEX,0
200,0.800000,4,PRIO,1.000000
200,0.800000,4,FIFO,0.800000
200,0.800000,4,LIFO,1.200000
LENGTH,400
VERTEX,0
VERTEX,1
VERTEX,1
VERTEX,0
VERTEX,1
400,0.200000,4,PRIO,1.000000
400,0.200000,4,FIFO,0.400000
400,0.200000,4,LIFO,1.000000
VERTEX,1
VERTEX,0
VERTEX,1
VERTEX,1
VERTEX,1
400,0.500000,4,PRIO,1.000000
400,0.500000,4,FIFO,0.800000
400,0.500000,4,LIFO,1.000000
VERTEX,2
VERTEX,2
VERTEX,1
VERTEX,1
VERTEX,1
400,0.800000,4,PRIO,1.000000
400,0.800000,4,FIFO,0.600000
400,0.800000,4,LIFO,0.800000
LENGTH,800
VERTEX,1
VERTEX,2
VERTEX,1
VERTEX,1
VERTEX,1
800,0.200000,4,PRIO,0.600000
800,0.200000,4,FIFO,0.400000
800,0.200000,4,LIFO,0.800000
VERTEX,3
VERTEX,3
VERTEX,3
VERTEX,3
VERTEX,3
800,0.500000,4,PRIO,0.400000
800,0.500000,4,FIFO,0.400000
800,0.500000,4,LIFO,0.600000
VERTEX,5
VERTEX,4
VERTEX,5
VERTEX,4
VERTEX,4
800,0.800000,4,PRIO,0.600000
800,0.800000,4,FIFO,1.000000
800,0.800000,4,LIFO,1.000000
LENGTH,1600
VERTEX,6
VERTEX,6
VERTEX,5
VERTEX,8
VERTEX,6
1600,0.200000,4,PRIO,0.400000
1600,0.200000,4,FIFO,0.600000
1600,0.200000,4,LIFO,0.800000
VERTEX,31
VERTEX,25
VERTEX,30
VERTEX,23
VERTEX,20
1600,0.500000,4,PRIO,1.000000
1600,0.500000,4,FIFO,0.800000
1600,0.500000,4,LIFO,0.800000
VERTEX,37
VERTEX,35
VERTEX,34
VERTEX,49
VERTEX,64
1600,0.800000,4,PRIO,0.800000
1600,0.800000,4,FIFO,0.400000
1600,0.800000,4,LIFO,1.400000
PRIO,50,4,1,15,5852
PRIO,50,4,2,20,6002
PRIO,50,4,4,6,6151
FIFO,50,1,1,32,6153
FIFO,50,1,2,6,6153
FIFO,50,3,3,7,6154
PRIO,50,4,3,9,6302
FIFO,50,1,4,7,6302
FIFO,50,3,2,4,6303
FIFO,50,3,4,6,6303
FIFO,50,1,3,5,6453
FIFO,50,4,1,35,6455
FIFO,50,4,4,6,6455
PRIO,50,3,2,20,6603
FIFO,50,4,3,5,6605
FIFO,50,3,1,33,6607
PRIO,50,1,3,25,6755
PRIO,50,3,3,7,6752
PRIO,50,3,4,4,6752
PRIO,50,3,1,19,6753
FIFO,50,4,2,4,6754
PRIO,50,3,1,26,6755
PRIO,50,1,1,14,6906
PRIO,50,1,2,8,6906
PRIO,50,3,3,3,6905
PRIO,50,3,4,9,6904
PRIO,50,1,4,3,7052
PRIO,50,3,2,12,7055
FIFO,50,5,3,4,7206
LIFO,50,1,3,7,7203
LIFO,50,1,2,12,7204
LIFO,50,1,4,6,7203
LIFO,50,3,3,8,7205
LIFO,50,1,1,25,7211
FIFO,50,5,1,32,7353
FIFO,50,5,2,6,7353
LIFO,50,3,4,6,7353
LIFO,50,3,2,14,7353
LIFO,50,3,1,22,7353
PRIO,50,2,1,26,7353
FIFO,50,5,4,8,7505
PRIO,50,2,4,9,7502
FIFO,50,1,3,7,7502
FIFO,50,1,2,8,7503
FIFO,50,2,2,2,7655
PRIO,50,2,2,5,7653
PRIO,50,2,3,10,7653
PRIO,50,4,1,25,7654
FIFO,50,1,4,2,7652
LIFO,50,5,1,30,7657
FIFO,50,2,1,33,7806
FIFO,50,1,1,33,7804
LIFO,50,5,2,8,7803
LIFO,50,5,4,4,7803
FIFO,50,2,3,8,7959
PRIO,50,4,2,13,7953
PRIO,50,4,4,5,7955
PRIO,50,4,3,7,7955
LIFO,50,2,1,31,7954
LIFO,50,5,3,8,7953
PRIO,50,5,2,6,7954
PRIO,50,5,3,12,7954
PRIO,50,5,4,7,7953
FIFO,50,2,4,7,8105
FIFO,50,5,3,9,8103
LIFO,50,2,3,5,8102
LIFO,50,4,1,34,8104
PRIO,50,5,1,25,8105
FIFO,50,2,2,2,8103
LIFO,50,4,3,9,8257
LIFO,50,2,4,10,8262
LIFO,50,2,2,4,8263
LIFO,50,1,1,33,8265
FIFO,50,5,4,4,8268
FIFO,50,5,2,3,8269
FIFO,50,5,1,34,8270
PRIO,50,5,1,29,8282
FIFO,50,2,4,7,8252
FIFO,50,2,3,7,8253
FIFO,50,2,1,34,8256
PRIO,50,2,1,20,8405
LIFO,50,2,1,24,8404
LIFO,50,2,2,9,8404
LIFO,50,2,4,13,8404
PRIO,50,1,1,26,8403
LIFO,50,4,2,5,8407
LIFO,50,4,4,2,8407
FIFO,50,2,3,5,8425
PRIO,50,5,2,11,8432
PRIO,50,5,4,4,8431
FIFO,50,1,3,5,8403
PRIO,50,2,2,6,8554
LIFO,50,2,3,4,8554
LIFO,50,4,1,22,8553
LIFO,50,4,4,7,8554
LIFO,50,5,4,7,8552
LIFO,50,5,3,15,8555
PRIO,50,5,3,6,8553
FIFO,50,2,2,8,8555
LIFO,50,1,3,4,8553
LIFO,50,1,4,3,8553
LIFO,50,1,2,10,8554
FIFO,50,1,2,6,8553
FIFO,50,1,4,5,8553
FIFO,50,1,1,34,8578
PRIO,50,2,3,18,8703
PRIO,50,2,4,6,8704
LIFO,50,5,1,20,8706
PRIO,50,1,2,10,8703
PRIO,50,1,4,8,8702
PRIO,50,1,3,6,8702
FIFO,50,4,2,6,8722
FIFO,50,2,4,3,8725
FIFO,50,2,1,34,8726
LIFO,50,4,3,13,8852
LIFO,50,4,2,8,8855
LIFO,50,5,2,8,8853
FIFO,50,4,4,4,8852
FIFO,50,4,1,34,8854
FIFO,50,4,3,6,8871
FIFO,50,3,2,6,9024
FIFO,50,4,2,5,9003
FIFO,50,4,3,6,9003
PRIO,50,5,1,22,9156
PRIO,50,5,2,23,9155
FIFO,50,3,3,7,9153
FIFO,50,3,1,34,9153
LIFO,50,3,1,35,9161
FIFO,50,3,4,3,9173
FIFO,50,4,4,5,9153
FIFO,50,4,1,34,9154
LIFO,50,3,4,2,9310
LIFO,50,3,2,3,9310
FIFO,50,3,2,4,9304
PRIO,50,5,4,2,9453
PRIO,50,5,3,3,9453
LIFO,50,3,3,10,9460
FIFO,50,3,3,7,9453
FIFO,50,3,4,5,9453
FIFO,50,3,1,34,9455
PRIO,50,2,1,23,9603
PRIO,50,4,2,9,9603
PRIO,50,4,1,28,9603
PRIO,50,1,4,5,9752
PRIO,50,1,2,13,9754
PRIO,50,2,2,14,9753
LIFO,50,5,2,13,9754
PRIO,50,1,3,9,9902
PRIO,50,1,1,23,9904
PRIO,50,2,3,5,9902
PRIO,50,2,4,8,9903
PRIO,50,4,3,7,9903
PRIO,50,4,4,6,9903
LIFO,50,5,4,5,9903
LIFO,50,5,1,27,9904
LIFO,50,5,3,5,10053
FIFO,50,5,2,7,10203
FIFO,50,5,3,5,10353
FIFO,50,5,4,4,10353
FIFO,50,5,1,34,10354
LIFO,50,2,2,12,10655
PRIO,50,3,3,11,10803
PRIO,50,3,1,30,10804
LIFO,50,2,3,1,10802
LIFO,50,2,4,3,10802
LIFO,50,2,1,34,10806
LIFO,100,3,1,32,10805
PRIO,50,3,2,6,10953
PRIO,50,3,4,3,10953
LIFO,100,3,4,19,10955
LIFO,100,3,3,41,10955
LIFO,50,3,2,14,11103
LIFO,50,3,1,33,11107
LIFO,50,1,2,12,11255
LIFO,50,1,1,35,11255
LIFO,100,3,2,8,11255
LIFO,50,1,3,1,11403
LIFO,50,1,4,2,11402
LIFO,50,3,3,2,11402
LIFO,50,3,4,1,11403
LIFO,50,4,2,10,11854
LIFO,50,4,1,30,11855
LIFO,50,4,4,4,11854
LIFO,50,4,3,6,12004
PRIO,100,3,1,32,12005
PRIO,100,3,3,20,12003
PRIO,100,3,2,35,12004
PRIO,100,3,4,13,12153
PRIO,100,5,3,20,12454
PRIO,100,5,1,30,12454
PRIO,100,5,4,18,12603
PRIO,100,5,2,32,12604
LIFO,100,4,2,42,12907
LIFO,100,4,3,13,12906
LIFO,100,4,4,10,12906
LIFO,100,4,1,35,13055
PRIO,100,4,3,22,13203
FIFO,100,5,2,8,13203
FIFO,100,5,1,70,13214
PRIO,100,4,4,11,13222
PRIO,100,4,2,34,13223
PRIO,100,2,4,18,13227
PRIO,100,2,3,7,13227
PRIO,100,2,2,37,13355
PRIO,100,2,1,38,13355
PRIO,100,4,1,33,13354
FIFO,100,5,4,11,13358
FIFO,100,5,3,11,13358
LIFO,100,2,1,35,13656
LIFO,100,2,4,8,13805
LIFO,100,2,2,40,13805
FIFO,100,2,1,68,13818
FIFO,100,2,3,14,13957
LIFO,100,2,3,17,13955
FIFO,100,2,4,8,13967
FIFO,100,2,2,10,13967
PRIO,100,4,4,10,13959
PRIO,100,4,1,39,14028
PRIO,100,4,2,38,14028
PRIO,100,4,3,13,14259
FIFO,100,4,4,9,14414
FIFO,100,4,3,11,14415
PRIO,100,4,2,19,14426
PRIO,100,4,3,14,14425
FIFO,100,4,1,71,14565
FIFO,100,4,2,9,14565
PRIO,100,4,1,53,14577
LIFO,100,5,4,14,14703
LIFO,100,5,2,38,14707
PRIO,100,4,4,14,14725
LIFO,100,5,3,12,14854
LIFO,100,5,1,36,14854
PRIO,100,2,1,54,14882
PRIO,100,2,2,21,14882
PRIO,100,2,3,11,14882
FIFO,100,1,2,15,15011
FIFO,100,1,3,9,15010
PRIO,100,2,4,14,15031
LIFO,100,5,1,40,15061
FIFO,100,1,1,70,15159
FIFO,100,1,4,6,15220
LIFO,100,5,2,33,15211
FIFO,100,4,3,9,15304
PRIO,100,3,1,64,15308
LIFO,100,5,4,10,15360
PRIO,100,1,1,51,15355
FIFO,100,1,3,5,15470
FIFO,100,1,1,77,15471
FIFO,100,4,2,9,15456
LIFO,100,2,1,41,15464
LIFO,100,2,2,32,15464
LIFO,100,2,3,10,15463
PRIO,100,3,4,7,15476
PRIO,100,3,2,6,15478
PRIO,100,3,3,23,15477
LIFO,100,5,3,17,15510
FIFO,100,4,4,12,15517
FIFO,100,4,1,70,15518
PRIO,100,1,2,24,15505
PRIO,100,1,3,11,15504
FIFO,100,1,4,8,15620
FIFO,100,1,2,10,15620
LIFO,100,2,4,17,15609
PRIO,100,1,4,14,15654
FIFO,100,3,1,69,15766
PRIO,100,3,1,38,15756
LIFO,100,3,2,18,15779
LIFO,100,3,4,14,15779
LIFO,100,3,1,52,15779
PRIO,100,3,2,32,15905
FIFO,100,5,2,13,15908
FIFO,100,5,1,68,15908
FIFO,100,3,2,14,16056
FIFO,100,3,3,12,16056
FIFO,100,3,4,5,16057
PRIO,100,3,4,16,16055
PRIO,100,3,3,14,16055
PRIO,100,2,2,13,16067
PRIO,100,2,1,42,16067
PRIO,100,2,3,29,16067
FIFO,100,5,3,9,16057
FIFO,100,5,4,10,16057
LIFO,100,3,3,16,16079
LIFO,100,1,1,30,16214
PRIO,100,2,4,16,16216
FIFO,100,2,4,15,16207
FIFO,100,1,2,14,16241
LIFO,100,1,2,39,16365
LIFO,100,1,3,15,16365
FIFO,100,2,3,7,16357
FIFO,100,2,2,10,16358
FIFO,100,2,1,68,16359
LIFO,100,3,4,10,16362
LIFO,100,3,1,38,16363
FIFO,100,1,1,70,16388
PRIO,100,5,3,14,16390
FIFO,100,1,4,6,16390
LIFO,100,1,4,16,16515
FIFO,100,3,2,16,16507
LIFO,100,3,2,30,16513
FIFO,100,5,2,10,16513
FIFO,100,5,1,69,16534
PRIO,100,5,1,53,16542
PRIO,100,5,2,18,16542
FIFO,100,3,1,69,16570
FIFO,100,1,3,10,16540
FIFO,100,3,4,8,16656
FIFO,100,3,3,7,16656
LIFO,100,3,3,22,16662
FIFO,100,5,4,18,16663
FIFO,100,5,3,3,16671
PRIO,100,5,4,15,16690
PRIO,100,1,3,18,16812
PRIO,100,1,2,40,16843
FIFO,100,3,2,8,16816
FIFO,100,3,1,71,16817
PRIO,100,1,4,10,16962
PRIO,100,5,2,33,16974
FIFO,100,3,4,14,16966
FIFO,100,3,3,7,16985
LIFO,100,5,3,18,16980
PRIO,100,1,1,32,17113
PRIO,100,5,4,13,17122
PRIO,100,5,1,41,17125
LIFO,100,1,1,50,17113
LIFO,100,5,1,50,17130
PRIO,100,5,3,13,17272
LIFO,100,4,2,26,17262
LIFO,100,1,3,15,17262
LIFO,100,1,2,25,17262
LIFO,100,1,4,10,17268
LIFO,100,5,2,19,17280
LIFO,100,4,4,18,17411
LIFO,100,4,3,17,17411
LIFO,100,4,1,39,17413
FIFO,100,4,2,11,17414
FIFO,100,4,1,69,17415
LIFO,100,5,4,13,17430
FIFO,100,4,4,12,17564
FIFO,100,4,3,8,17714
PRIO,100,1,2,32,18170
PRIO,100,1,3,13,18169
PRIO,100,1,1,48,18329
PRIO,100,1,4,7,18328
LIFO,100,2,1,75,18319
LIFO,100,2,3,3,18331
LIFO,100,2,2,21,18331
LIFO,100,2,4,1,18461
FIFO,100,2,4,10,19087
FIFO,100,2,1,70,19088
FIFO,100,2,3,9,19088
FIFO,100,2,2,11,19088
LIFO,100,4,1,67,19230
LIFO,100,4,3,5,19237
LIFO,100,4,2,24,19357
LIFO,100,4,4,4,19357
PRIO,200,2,4,35,21015
PRIO,200,2,2,61,21024
PRIO,200,2,3,23,21023
LIFO,100,1,2,33,21224
PRIO,200,2,1,81,21175
LIFO,100,1,3,11,21321
LIFO,100,1,4,6,21459
LIFO,100,1,1,50,21525
PRIO,200,5,2,67,21917
PRIO,200,5,3,26,22076
PRIO,200,5,1,79,22216
PRIO,200,5,4,28,22217
LIFO,200,2,2,60,23269
LIFO,200,2,3,39,23418
LIFO,200,2,4,25,23420
LIFO,200,2,1,76,23568
PRIO,200,4,1,78,24163
PRIO,200,4,4,30,24311
PRIO,200,4,2,61,24462
PRIO,200,4,3,31,24463
LIFO,200,1,2,63,24912
LIFO,200,3,2,57,24929
LIFO,200,1,4,16,25062
LIFO,200,1,3,34,25062
LIFO,200,1,1,87,25064
LIFO,200,3,1,84,25074
LIFO,200,3,4,23,25229
LIFO,200,3,3,36,25229
PRIO,200,1,4,31,26573
PRIO,200,1,2,60,26575
PRIO,200,1,1,78,26575
PRIO,200,1,3,31,26725
LIFO,200,5,3,58,27621
LIFO,200,5,2,32,27775
LIFO,200,5,1,84,27775
LIFO,200,5,4,26,27774
LIFO,200,5,1,95,28397
LIFO,200,5,2,52,28396
LIFO,200,5,4,28,28396
PRIO,200,3,3,31,28529
PRIO,200,3,1,79,28530
PRIO,200,3,4,33,28530
LIFO,200,5,3,25,28696
PRIO,200,3,2,57,28830
LIFO,200,3,1,90,28856
LIFO,200,3,4,27,29004
LIFO,200,3,2,55,29007
LIFO,200,3,3,28,29155
LIFO,200,1,1,87,29445
LIFO,200,1,4,27,29445
LIFO,200,1,2,57,29595
LIFO,200,1,3,29,29596
FIFO,200,5,2,23,30023
FIFO,200,5,1,160,30172
FIFO,200,5,3,4,30322
FIFO,200,5,4,13,30322
FIFO,200,3,3,17,30328
FIFO,200,3,4,13,30474
FIFO,200,3,2,18,30474
PRIO,200,4,2,52,30502
PRIO,200,4,1,97,30508
FIFO,200,1,4,13,30627
FIFO,200,3,1,152,30628
LIFO,200,4,2,58,30630
PRIO,200,4,3,25,30651
PRIO,200,4,4,26,30651
FIFO,200,1,2,11,30777
LIFO,200,4,1,86,30781
FIFO,200,4,2,13,30919
FIFO,200,4,1,159,30920
FIFO,200,1,3,13,30926
FIFO,200,4,4,17,30923
FIFO,200,1,1,163,30928
LIFO,200,4,4,38,30930
LIFO,200,4,3,18,30930
FIFO,200,4,3,11,31073
PRIO,200,5,3,25,31106
PRIO,200,3,2,53,31230
PRIO,200,5,1,109,31257
LIFO,200,4,2,56,31248
LIFO,200,4,1,92,31248
PRIO,200,5,2,49,31262
PRIO,200,2,2,38,31248
PRIO,200,3,1,99,31381
PRIO,200,5,4,17,31405
LIFO,200,4,4,27,31397
PRIO,200,2,1,109,31398
PRIO,200,3,4,20,31528
PRIO,200,3,3,28,31528
LIFO,200,4,3,25,31546
PRIO,200,2,3,25,31549
PRIO,200,2,4,28,31699
LIFO,200,3,2,41,31711
LIFO,200,3,1,109,31712
LIFO,200,3,4,25,31711
LIFO,200,3,3,25,31864
FIFO,200,2,2,18,32523
PRIO,200,3,2,37,32579
FIFO,200,4,1,145,32604
FIFO,200,4,3,19,32605
FIFO,200,4,2,21,32605
FIFO,200,2,3,25,32663
FIFO,200,2,4,18,32673
PRIO,200,3,1,111,32730
FIFO,200,4,4,15,32754
FIFO,200,3,1,139,32824
FIFO,200,2,1,139,32825
FIFO,200,3,2,27,32825
FIFO,200,3,4,20,32824
PRIO,200,3,3,28,32880
FIFO,200,3,3,14,32975
PRIO,200,3,4,24,33028
PRIO,200,5,2,36,33025
PRIO,200,5,1,107,33025
PRIO,200,5,3,31,33175
FIFO,200,3,4,15,33205
FIFO,200,3,1,145,33207
FIFO,200,3,2,24,33353
PRIO,200,5,4,26,33325
FIFO,200,3,3,16,33507
LIFO,200,2,2,61,33514
FIFO,200,2,2,27,33638
FIFO,200,2,3,12,33638
PRIO,200,1,3,21,33654
FIFO,200,1,1,149,33657
FIFO,200,1,4,14,33656
FIFO,200,1,3,13,33657
PRIO,200,1,2,51,33672
LIFO,200,2,1,111,33660
FIFO,200,2,1,147,33778
FIFO,200,2,4,14,33789
PRIO,200,1,1,109,33816
PRIO,200,1,4,19,33816
LIFO,200,2,4,15,33949
FIFO,200,1,2,24,33956
LIFO,200,2,3,13,33951
LIFO,200,1,2,39,33930
FIFO,200,1,2,20,34028
FIFO,200,4,3,16,34025
LIFO,200,1,1,113,34079
FIFO,200,1,3,23,34166
FIFO,200,1,4,18,34167
FIFO,200,4,2,24,34172
FIFO,200,4,4,21,34175
LIFO,200,1,3,26,34225
LIFO,200,1,4,22,34225
FIFO,200,4,1,139,34312
FIFO,200,1,1,139,34324
FIFO,200,2,3,15,34708
FIFO,200,2,1,149,34719
FIFO,200,2,4,17,34857
FIFO,200,5,3,19,34856
FIFO,200,5,2,14,35005
FIFO,200,5,4,17,35006
FIFO,200,2,2,19,35008
FIFO,200,5,1,150,35018
LIFO,200,4,1,124,35797
FIFO,200,5,3,20,35825
FIFO,200,5,2,23,35826
LIFO,200,4,3,19,35909
FIFO,200,5,4,18,35975
LIFO,200,4,4,20,36056
LIFO,200,4,2,37,36067
FIFO,200,5,1,139,36126
LIFO,200,5,1,122,36269
PRIO,200,2,2,27,36332
PRIO,200,2,3,48,36337
PRIO,200,2,1,101,36338
LIFO,200,5,3,20,36396
PRIO,200,2,4,24,36493
LIFO,200,5,4,19,36567
LIFO,200,5,2,39,36569
PRIO,200,4,2,34,39945
PRIO,200,4,1,157,39964
PRIO,200,4,3,3,40096
PRIO,200,4,4,6,40105
PRIO,200,1,1,162,40261
PRIO,200,1,3,2,40532
PRIO,200,1,4,1,40540
PRIO,200,1,2,35,40554
LIFO,200,2,2,34,41878
LIFO,200,2,1,163,42002
LIFO,200,2,4,2,42022
LIFO,200,2,3,1,42294
PRIO,400,1,4,51,43173
LIFO,400,3,1,128,43159
LIFO,400,3,4,57,43161
PRIO,400,1,1,139,43325
PRIO,400,1,3,64,43326
LIFO,400,3,3,65,43308
LIFO,400,3,2,150,43309
PRIO,400,1,2,146,43474
LIFO,400,5,4,56,45396
LIFO,400,5,2,149,45397
LIFO,400,5,1,135,45548
LIFO,400,5,3,60,45696
LIFO,400,4,4,53,46901
LIFO,400,4,1,134,46903
LIFO,400,4,2,154,47054
LIFO,400,4,3,59,47201
LIFO,400,2,1,130,48566
LIFO,400,2,3,157,48720
LIFO,400,2,2,64,48865
LIFO,400,2,4,49,48866
PRIO,400,5,2,146,49628
PRIO,400,5,3,80,49777
PRIO,400,5,4,44,49778
PRIO,400,5,1,130,49928
PRIO,400,3,1,131,51278
PRIO,400,3,3,83,51277
LIFO,400,1,1,131,51274
PRIO,400,3,4,56,51434
LIFO,400,1,2,143,51424
LIFO,400,1,4,62,51424
PRIO,400,3,2,130,51569
LIFO,400,1,3,64,51574
PRIO,400,4,1,134,52582
PRIO,400,4,2,146,52583
PRIO,400,4,3,73,52733
PRIO,400,4,4,47,52733
PRIO,400,2,3,80,54974
PRIO,400,2,1,134,55124
PRIO,400,2,4,50,55275
PRIO,400,2,2,136,55275
FIFO,400,4,3,35,59742
FIFO,400,4,4,45,59741
FIFO,400,4,1,292,59742
FIFO,400,4,2,28,59892
FIFO,400,5,2,43,59838
FIFO,400,5,1,276,59838
FIFO,400,5,4,38,59838
FIFO,400,5,3,43,59951
LIFO,400,1,1,178,61286
PRIO,400,3,1,215,61292
LIFO,400,1,4,48,61435
PRIO,400,3,2,69,61442
LIFO,400,1,3,54,61586
LIFO,400,1,2,120,61586
PRIO,400,3,3,60,61592
PRIO,400,3,4,56,61742
PRIO,400,3,2,129,62072
PRIO,400,3,1,179,62222
PRIO,400,3,3,51,62365
PRIO,400,3,4,41,62512
FIFO,400,2,1,298,62862
FIFO,400,2,4,32,62967
FIFO,400,2,2,32,62968
FIFO,400,2,3,38,62969
FIFO,400,1,1,277,63273
FIFO,400,1,3,40,63528
FIFO,400,1,4,44,63528
FIFO,400,1,2,39,63530
FIFO,400,4,1,293,63641
FIFO,400,4,2,38,63642
FIFO,400,4,4,39,63791
PRIO,400,4,1,178,63815
PRIO,400,4,4,64,63816
PRIO,400,4,2,108,63816
FIFO,400,4,3,30,63941
PRIO,400,4,3,50,63966
FIFO,400,3,3,24,64063
FIFO,400,3,1,336,64213
FIFO,400,3,4,20,64212
FIFO,400,3,2,20,64213
FIFO,400,2,1,277,64169
FIFO,400,3,1,277,64194
FIFO,400,3,4,40,64426
FIFO,400,3,2,44,64427
FIFO,400,3,3,39,64427
FIFO,400,2,4,35,64428
FIFO,400,2,2,41,64428
FIFO,400,2,3,47,64428
FIFO,400,4,1,277,64472
FIFO,400,1,4,36,64664
FIFO,400,1,1,294,64664
FIFO,400,4,4,42,64725
FIFO,400,4,3,34,64726
FIFO,400,4,2,47,64727
FIFO,400,1,3,31,64808
FIFO,400,1,2,39,64815
LIFO,400,2,3,69,65645
LIFO,400,2,1,242,65648
LIFO,400,2,4,44,65661
LIFO,400,2,2,45,65662
FIFO,400,5,4,33,65856
FIFO,400,5,2,35,66006
FIFO,400,5,3,37,66006
FIFO,400,5,1,295,66007
FIFO,400,1,3,16,66249
FIFO,400,3,3,25,66265
FIFO,400,3,2,39,66265
FIFO,400,3,4,39,66265
FIFO,400,1,2,18,66399
FIFO,400,1,1,339,66399
FIFO,400,3,1,297,66416
FIFO,400,1,4,27,66548
FIFO,400,2,4,24,66983
FIFO,400,5,2,16,66982
FIFO,400,5,1,336,66983
FIFO,400,2,1,333,67135
FIFO,400,5,4,30,67132
FIFO,400,2,2,18,67135
PRIO,400,2,1,212,67137
FIFO,400,2,3,25,67283
FIFO,400,5,3,18,67282
PRIO,400,2,4,39,67284
PRIO,400,2,3,32,67285
PRIO,400,2,2,117,67294
PRIO,400,2,2,72,68059
PRIO,400,2,1,257,68083
PRIO,400,2,3,30,68194
PRIO,400,2,4,41,68334
PRIO,400,5,2,129,68492
PRIO,400,5,1,222,68519
PRIO,400,1,1,210,68688
PRIO,400,1,1,265,68689
PRIO,400,5,4,21,68792
PRIO,400,5,3,28,68793
PRIO,400,1,3,74,68813
PRIO,400,1,4,34,68975
PRIO,400,1,3,41,68976
PRIO,400,1,2,115,68980
PRIO,400,1,4,27,68943
PRIO,400,1,2,34,69095
LIFO,400,2,1,211,69870
LIFO,400,2,4,39,69988
LIFO,400,4,1,183,69998
LIFO,400,2,3,31,70150
LIFO,400,4,3,58,70148
LIFO,400,4,2,109,70148
LIFO,400,2,2,119,70169
LIFO,400,3,1,278,70141
LIFO,400,4,4,50,70282
LIFO,400,3,2,68,70292
LIFO,400,1,2,70,70318
LIFO,400,1,4,29,70319
LIFO,400,4,2,76,70346
LIFO,400,4,4,23,70345
LIFO,400,3,4,22,70441
LIFO,400,3,3,32,70441
LIFO,400,1,3,32,70469
LIFO,400,1,1,269,70469
LIFO,400,4,1,276,70497
LIFO,400,4,3,25,70645
PRIO,400,4,2,68,72718
PRIO,400,4,3,24,72717
PRIO,400,4,1,288,72872
PRIO,400,4,4,20,72871
PRIO,400,5,2,71,74200
LIFO,400,5,1,292,74222
PRIO,400,5,3,14,74349
LIFO,400,5,2,72,74366
PRIO,400,5,1,299,74413
PRIO,400,5,4,16,74484
LIFO,400,5,4,20,74516
LIFO,400,5,3,16,74516
LIFO,400,5,1,235,75868
LIFO,400,5,4,21,75956
LIFO,400,5,2,127,76000
LIFO,400,5,3,17,76116
LIFO,400,3,1,230,77669
LIFO,400,3,4,23,77818
LIFO,400,3,3,22,77820
LIFO,400,3,2,125,77821
LIFO,800,1,1,268,93804
LIFO,800,1,4,175,93804
LIFO,800,1,2,96,93954
LIFO,800,1,3,261,94104
LIFO,800,5,3,168,95409
LIFO,800,5,1,270,95559
LIFO,800,5,2,254,95559
LIFO,800,5,4,108,95709
PRIO,800,3,2,122,97023
PRIO,800,3,4,140,97030
PRIO,800,3,1,278,97177
PRIO,800,3,3,260,97323
PRIO,800,1,2,257,97759
PRIO,800,1,4,156,97759
PRIO,800,1,3,105,97909
PRIO,800,1,1,282,98060
PRIO,800,2,2,269,98244
PRIO,800,2,1,289,98394
PRIO,800,2,4,106,98394
PRIO,800,2,3,136,98544
PRIO,800,4,4,137,98853
PRIO,800,4,2,273,99003
PRIO,800,4,1,287,99153
PRIO,800,4,3,103,99153
LIFO,800,3,1,278,99617
LIFO,800,3,3,114,99766
LIFO,800,3,4,150,99766
LIFO,800,3,2,258,99916
LIFO,800,2,2,243,100827
LIFO,800,2,1,282,100830
LIFO,800,2,3,149,101128
LIFO,800,2,4,126,101128
PRIO,800,5,4,112,101296
PRIO,800,5,2,264,101296
PRIO,800,5,1,286,101296
PRIO,800,5,3,138,101441
LIFO,800,4,3,174,103217
LIFO,800,4,4,119,103217
LIFO,800,4,1,262,103367
LIFO,800,4,2,245,103368
FIFO,800,1,2,95,124951
FIFO,800,1,1,553,125061
FIFO,800,1,4,74,125101
FIFO,800,1,3,78,125101
FIFO,800,4,4,60,125362
FIFO,800,4,3,53,125363
FIFO,800,5,2,61,125622
FIFO,800,4,2,56,125663
FIFO,800,4,1,631,125663
FIFO,800,5,4,48,125772
FIFO,800,5,1,642,125772
FIFO,800,5,3,49,125922
FIFO,800,2,4,48,126283
FIFO,800,2,1,641,126284
FIFO,800,2,3,52,126284
FIFO,800,2,2,59,126433
LIFO,800,1,2,110,127230
LIFO,800,1,1,427,127231
LIFO,800,1,3,144,127530
LIFO,800,1,4,119,127530
PRIO,800,3,4,115,128765
PRIO,800,4,2,232,128904
PRIO,800,3,1,432,128915
PRIO,800,4,4,99,129054
PRIO,800,4,3,101,129054
PRIO,800,4,1,368,129054
PRIO,800,3,3,93,129065
PRIO,800,3,2,160,129215
LIFO,800,3,1,350,129526
LIFO,800,3,3,126,129676
LIFO,800,3,2,205,129677
LIFO,800,3,4,119,129826
PRIO,800,4,3,121,130102
PRIO,800,4,1,426,130252
PRIO,800,4,4,109,130403
PRIO,800,4,2,144,130403
LIFO,800,3,4,99,130459
PRIO,800,3,2,228,130722
PRIO,800,3,3,96,130722
PRIO,800,3,4,106,130722
LIFO,800,3,1,469,130609
PRIO,800,3,1,370,130872
LIFO,800,3,3,95,130759
FIFO,800,3,4,47,131027
FIFO,800,2,1,553,130915
LIFO,800,3,2,137,130909
FIFO,800,3,1,672,131183
FIFO,800,3,3,41,131183
FIFO,800,3,2,40,131333
FIFO,800,2,4,88,131124
FIFO,800,2,2,81,131125
FIFO,800,2,3,78,131124
FIFO,800,5,1,553,131662
FIFO,800,5,4,82,131721
FIFO,800,5,2,89,131721
FIFO,800,5,3,76,131721
FIFO,800,1,2,48,132127
FIFO,800,1,1,679,132268
FIFO,800,1,4,31,132268
FIFO,800,1,3,42,132427
FIFO,800,3,1,553,132420
FIFO,800,3,3,79,132609
FIFO,800,3,4,88,132623
FIFO,800,3,2,80,132624
PRIO,800,1,3,106,134076
PRIO,800,1,2,113,134076
PRIO,800,1,4,216,134076
PRIO,800,1,1,365,134227
LIFO,800,5,1,353,134474
LIFO,800,5,3,124,134595
LIFO,800,5,4,109,134746
LIFO,800,5,2,214,134747
PRIO,800,2,1,482,135360
PRIO,800,2,4,72,135365
PRIO,800,2,3,88,135367
PRIO,800,2,2,158,135381
LIFO,800,2,4,242,135466
LIFO,800,2,3,75,135466
LIFO,800,2,1,401,135616
LIFO,800,2,2,82,135766
FIFO,800,4,1,599,136044
FIFO,800,4,4,60,136085
FIFO,800,4,1,553,136024
FIFO,800,4,3,71,136194
FIFO,800,4,2,86,136224
FIFO,800,4,4,77,136224
FIFO,800,4,2,70,136343
FIFO,800,4,3,84,136238
FIFO,800,3,3,69,137394
FIFO,800,3,4,70,137544
FIFO,800,3,1,592,137545
FIFO,800,3,2,69,137544
PRIO,800,5,3,76,138798
PRIO,800,5,4,242,138939
PRIO,800,5,2,52,139103
PRIO,800,5,1,430,139103
FIFO,800,1,4,64,139176
FIFO,800,1,1,596,139339
FIFO,800,1,2,62,139476
FIFO,800,1,3,78,139476
PRIO,800,2,2,251,140442
PRIO,800,2,1,418,140442
FIFO,800,2,4,71,140546
FIFO,800,2,3,77,140546
PRIO,800,2,4,61,140598
PRIO,800,2,3,70,140598
FIFO,800,2,2,64,140696
FIFO,800,2,1,588,140696
FIFO,800,5,4,69,142809
FIFO,800,5,3,72,142809
FIFO,800,5,2,67,142959
FIFO,800,5,1,592,142959
LIFO,800,1,2,260,143340
LIFO,800,1,1,392,143341
LIFO,800,1,3,77,143490
LIFO,800,1,4,71,143639
LIFO,800,5,1,548,143525
LIFO,800,5,2,146,143632
LIFO,800,5,4,49,143782
LIFO,800,5,3,57,143782
PRIO,800,1,1,513,146500
PRIO,800,1,4,76,146499
PRIO,800,1,3,69,146649
PRIO,800,1,2,142,146650
PRIO,800,5,1,570,147138
PRIO,800,5,4,47,147168
PRIO,800,5,3,42,147197
PRIO,800,5,2,141,147364
LIFO,800,4,2,249,147692
LIFO,800,4,1,474,147692
LIFO,800,4,3,54,147744
LIFO,800,4,4,23,147906
LIFO,800,4,1,530,147878
LIFO,800,4,3,63,147985
LIFO,800,4,4,71,148137
LIFO,800,4,2,136,148173
LIFO,800,2,1,625,154073
LIFO,800,2,3,20,154203
LIFO,800,2,4,19,154229
LIFO,800,2,2,136,154264
LIFO,1600,1,2,662,184748
LIFO,1600,1,1,550,184748
LIFO,1600,1,3,192,185048
LIFO,1600,1,4,196,185049
LIFO,1600,4,4,191,188768
LIFO,1600,4,3,182,188918
LIFO,1600,4,2,678,188918
LIFO,1600,4,1,549,189068
PRIO,1600,1,1,459,193764
PRIO,1600,1,2,550,193913
PRIO,1600,1,3,236,194063
PRIO,1600,1,4,355,194063
LIFO,1600,3,4,225,194944
LIFO,1600,3,1,550,195094
LIFO,1600,3,2,647,195094
LIFO,1600,3,3,178,195394
PRIO,1600,4,3,348,203686
PRIO,1600,4,1,461,203836
PRIO,1600,4,4,221,203837
PRIO,1600,4,2,570,203987
PRIO,1600,3,2,538,207594
PRIO,1600,3,4,246,207595
PRIO,1600,3,1,475,207595
PRIO,1600,3,3,341,207744
PRIO,1600,5,2,562,207720
PRIO,1600,5,3,337,207721
PRIO,1600,5,4,237,207870
PRIO,1600,5,1,464,207888
PRIO,1600,2,4,233,213969
PRIO,1600,2,2,557,214119
PRIO,1600,2,1,481,214119
PRIO,1600,2,3,329,214269
LIFO,1600,2,2,717,224308
LIFO,1600,2,3,122,224308
LIFO,1600,2,1,643,224308
LIFO,1600,2,4,118,224458
LIFO,1600,5,2,700,236794
LIFO,1600,5,1,633,236945
LIFO,1600,5,4,129,237094
LIFO,1600,5,3,138,237244
FIFO,1600,1,3,137,237674
FIFO,1600,1,2,136,237675
FIFO,1600,1,4,120,237823
FIFO,1600,1,1,1207,237824
FIFO,1600,4,4,114,243614
FIFO,1600,4,1,1274,243614
FIFO,1600,4,2,100,243615
FIFO,1600,4,3,112,243914
FIFO,1600,2,3,109,245881
FIFO,1600,2,2,107,246031
FIFO,1600,2,1,1275,246031
FIFO,1600,2,4,109,246181
FIFO,1600,3,2,99,246977
FIFO,1600,3,1,1284,247127
FIFO,1600,3,3,108,247126
FIFO,1600,3,4,109,247126
FIFO,1600,1,3,157,249565
FIFO,1600,1,2,173,249566
FIFO,1600,1,1,1108,249713
FIFO,1600,1,4,162,249717
FIFO,1600,5,3,171,249865
FIFO,1600,5,2,163,249866
FIFO,1600,5,4,158,250016
FIFO,1600,5,1,1108,250095
FIFO,1600,5,2,94,252779
FIFO,1600,5,1,1318,252929
FIFO,1600,5,3,101,252929
FIFO,1600,5,4,87,252929
FIFO,1600,4,2,161,253166
FIFO,1600,4,3,166,253170
FIFO,1600,4,1,1105,253204
FIFO,1600,4,4,168,253316
PRIO,1600,2,2,457,256562
PRIO,1600,2,3,224,256562
PRIO,1600,2,4,224,256562
PRIO,1600,2,1,695,256861
FIFO,1600,4,1,1198,262328
FIFO,1600,4,3,141,262329
FIFO,1600,4,2,140,262329
PRIO,1600,3,1,952,261948
PRIO,1600,3,2,183,262097
PRIO,1600,3,4,180,262097
FIFO,1600,4,4,121,262631
PRIO,1600,3,3,285,262247
FIFO,1600,3,2,159,263828
FIFO,1600,3,3,162,263844
FIFO,1600,3,4,172,263979
FIFO,1600,3,1,1107,264055
PRIO,1600,5,2,449,265142
PRIO,1600,5,3,248,265291
PRIO,1600,5,4,224,265291
PRIO,1600,5,1,679,265292
FIFO,1600,3,3,135,266084
FIFO,1600,3,4,136,266106
FIFO,1600,2,2,137,266107
FIFO,1600,3,2,127,266106
FIFO,1600,2,4,124,266107
FIFO,1600,3,1,1202,266205
FIFO,1600,2,1,1202,266219
FIFO,1600,2,3,137,266257
PRIO,1600,5,4,158,266353
PRIO,1600,5,1,995,266354
FIFO,1600,5,1,1200,267084
FIFO,1600,5,4,137,267154
FIFO,1600,5,2,132,267306
FIFO,1600,5,3,131,267305
PRIO,1600,5,3,281,266654
PRIO,1600,5,2,166,266654
PRIO,1600,3,3,447,268116
PRIO,1600,3,1,687,268117
PRIO,1600,3,4,240,268116
PRIO,1600,3,2,226,268266
FIFO,1600,1,3,136,268208
FIFO,1600,1,1,1202,268321
FIFO,1600,1,4,128,268358
FIFO,1600,1,2,134,268359
FIFO,1600,2,4,169,267769
FIFO,1600,2,3,169,267769
FIFO,1600,2,2,159,267919
FIFO,1600,2,1,1103,267948
LIFO,1600,2,2,451,271585
LIFO,1600,2,4,229,271585
LIFO,1600,2,1,672,271585
LIFO,1600,2,3,248,271885
PRIO,1600,4,2,452,272476
PRIO,1600,4,1,715,272477
LIFO,1600,5,1,902,271733
PRIO,1600,4,4,215,272626
LIFO,1600,5,2,289,271883
LIFO,1600,5,4,183,271883
PRIO,1600,4,3,218,272776
LIFO,1600,5,3,226,272033
LIFO,1600,1,1,942,277005
LIFO,1600,1,4,186,277154
LIFO,1600,1,3,292,277154
LIFO,1600,1,2,180,277304
LIFO,1600,2,4,138,277835
LIFO,1600,2,1,998,277836
LIFO,1600,2,2,300,277835
LIFO,1600,2,3,164,278135
PRIO,1600,1,4,123,281177
PRIO,1600,1,1,1070,281178
PRIO,1600,1,2,284,281478
PRIO,1600,1,3,123,281478
PRIO,1600,2,1,1000,283946
LIFO,1600,3,2,473,284262
PRIO,1600,2,3,143,284096
LIFO,1600,3,4,163,284412
LIFO,1600,3,1,793,284412
PRIO,1600,2,2,298,284245
PRIO,1600,2,4,159,284245
LIFO,1600,3,3,171,284562
LIFO,1600,3,1,1052,287539
LIFO,1600,3,4,126,287687
LIFO,1600,3,3,144,287688
LIFO,1600,3,2,278,287838
PRIO,1600,4,4,114,288270
PRIO,1600,4,1,1094,288270
PRIO,1600,4,2,281,288570
PRIO,1600,4,3,111,288570
LIFO,1600,5,1,831,291173
LIFO,1600,5,3,462,291323
LIFO,1600,4,2,465,291350
LIFO,1600,4,3,166,291350
LIFO,1600,4,1,816,291350
LIFO,1600,5,2,160,291623
LIFO,1600,5,4,147,291623
LIFO,1600,4,4,153,291649
LIFO,1600,1,2,494,298856
LIFO,1600,1,3,129,298857
LIFO,1600,1,1,893,298857
LIFO,1600,1,4,84,299156
PRIO,1600,1,3,500,301358
PRIO,1600,1,2,74,301508
PRIO,1600,1,4,103,301508
PRIO,1600,1,1,923,301659
LIFO,1600,4,1,1284,309531
LIFO,1600,4,4,29,309674
LIFO,1600,4,3,24,309674
LIFO,1600,4,2,263,309674
