LENGTH,50
VERTEX,1
VERTEX,0
VERTEX,1
VERTEX,0
VERTEX,1
50,0.200000,1,PRIO,0.400000
50,0.200000,1,FIFO,0.400000
50,0.200000,1,LIFO,0.400000
VERTEX,2
VERTEX,2
VERTEX,1
VERTEX,1
VERTEX,0
50,0.500000,1,PRIO,0.200000
50,0.500000,1,FIFO,0.600000
50,0.500000,1,LIFO,0.400000
VERTEX,0
VERTEX,0
VERTEX,0
VERTEX,0
VERTEX,0
50,0.800000,1,PRIO,0.600000
50,0.800000,1,FIFO,0.200000
50,0.800000,1,LIFO,1.400000
LENGTH,100
VERTEX,1
VERTEX,1
VERTEX,0
VERTEX,0
VERTEX,0
100,0.200000,1,PRIO,0.200000
100,0.200000,1,FIFO,0.200000
100,0.200000,1,LIFO,0.200000
VERTEX,0
VERTEX,0
VERTEX,0
VERTEX,0
VERTEX,0
100,0.500000,1,PRIO,0.200000
100,0.500000,1,FIFO,0.000000
100,0.500000,1,LIFO,0.800000
VERTEX,0
VERTEX,0
VERTEX,0
VERTEX,0
VERTEX,0
100,0.800000,1,PRIO,6.600000
100,0.800000,1,FIFO,7.200000
100,0.800000,1,LIFO,0.600000
LENGTH,200
VERTEX,0
VERTEX,0
VERTEX,2
VERTEX,0
VERTEX,0
200,0.200000,1,PRIO,3.400000
200,0.200000,1,FIFO,22.400000
200,0.200000,1,LIFO,7.600000
VERTEX,0
VERTEX,0
VERTEX,0
VERTEX,0
VERTEX,0
200,0.500000,1,PRIO,10.800000
200,0.500000,1,FIFO,19.600000
200,0.500000,1,LIFO,0.400000
VERTEX,0
VERTEX,0
VERTEX,0
VERTEX,0
VERTEX,0
200,0.800000,1,PRIO,21.800000
200,0.800000,1,FIFO,21.800000
200,0.800000,1,LIFO,17.600000
LENGTH,400
VERTEX,0
VERTEX,0
VERTEX,1
VERTEX,0
VERTEX,0
400,0.200000,1,PRIO,17.800000
400,0.200000,1,FIFO,20.600000
400,0.200000,1,LIFO,20.400000
VERTEX,1
VERTEX,1
VERTEX,1
VERTEX,2
VERTEX,0
400,0.500000,1,PRIO,25.800000
400,0.500000,1,FIFO,36.600000
400,0.500000,1,LIFO,8.000000
VERTEX,3
VERTEX,1
VERTEX,1
VERTEX,2
VERTEX,2
400,0.800000,1,PRIO,22.200000
400,0.800000,1,FIFO,29.400000
400,0.800000,1,LIFO,24.800000
LENGTH,800
VERTEX,6
VERTEX,2
VERTEX,2
VERTEX,2
VERTEX,2
800,0.200000,1,PRIO,34.000000
800,0.200000,1,FIFO,36.000000
800,0.200000,1,LIFO,31.400000
VERTEX,5
VERTEX,4
VERTEX,4
VERTEX,5
VERTEX,4
800,0.500000,1,PRIO,24.600000
800,0.500000,1,FIFO,32.600000
800,0.500000,1,LIFO,32.000000
VERTEX,13
VERTEX,10
VERTEX,10
VERTEX,16
VERTEX,6
800,0.800000,1,PRIO,38.600000
800,0.800000,1,FIFO,8.000000
800,0.800000,1,LIFO,14.000000
LENGTH,1600
VERTEX,32
VERTEX,34
VERTEX,48
VERTEX,31
VERTEX,7
1600,0.200000,1,PRIO,22.400000
1600,0.200000,1,FIFO,54.000000
1600,0.200000,1,LIFO,42.800000
VERTEX,74
VERTEX,62
VERTEX,69
VERTEX,63
VERTEX,69
1600,0.500000,1,PRIO,43.200000
1600,0.500000,1,FIFO,32.600000
1600,0.500000,1,LIFO,12.000000
PRIO,50,2,1,50,7504
PRIO,50,1,1,50,7505
PRIO,50,4,1,50,7507
PRIO,50,5,1,50,7515
FIFO,50,1,1,50,7504
LIFO,50,2,1,50,7505
LIFO,50,5,1,50,7504
LIFO,50,3,1,50,7508
FIFO,50,3,1,50,7512
FIFO,50,4,1,50,7511
FIFO,50,5,1,50,7512
LIFO,50,1,1,50,7513
PRIO,50,3,1,50,7505
PRIO,50,5,1,50,7504
FIFO,50,1,1,50,7504
PRIO,50,4,1,50,7508
VERTEX,178
LIFO,50,4,1,50,7524
LIFO,50,5,1,50,7505
LIFO,50,4,1,50,7506
PRIO,50,1,1,50,7505
PRIO,50,2,1,50,7505
PRIO,50,3,1,50,7503
PRIO,50,4,1,50,7504
PRIO,50,3,1,50,7557
PRIO,50,5,1,50,7504
FIFO,50,1,1,50,7504
LIFO,50,3,1,50,7518
FIFO,50,2,1,50,7505
PRIO,50,2,1,50,7534
PRIO,50,1,1,50,7537
FIFO,50,4,1,50,7542
FIFO,50,5,1,50,7543
FIFO,50,2,1,50,7544
LIFO,50,2,1,50,7527
LIFO,50,3,1,50,7525
FIFO,50,3,1,50,7550
LIFO,50,1,1,50,7527
LIFO,50,4,1,50,7523
LIFO,50,5,1,50,7521
FIFO,50,2,1,50,7580
FIFO,50,4,1,50,7568
LIFO,50,2,1,50,7616
LIFO,50,1,1,50,7617
FIFO,50,3,1,50,7680
FIFO,50,5,1,50,7680
VERTEX,167
VERTEX,139
VERTEX,130
VERTEX,131
1600,0.800000,1,PRIO,37.200000
1600,0.800000,1,FIFO,36.600000
1600,0.800000,1,LIFO,24.000000
PRIO,100,2,1,100,15012
PRIO,100,3,1,100,15011
PRIO,100,5,1,100,15009
FIFO,100,1,1,100,15008
PRIO,100,4,1,100,15015
PRIO,100,1,1,100,15022
FIFO,100,2,1,100,15016
LIFO,100,1,1,100,15013
FIFO,100,4,1,100,15016
FIFO,100,3,1,100,15016
FIFO,100,5,1,100,15016
PRIO,100,1,1,100,15011
PRIO,100,3,1,100,15008
PRIO,100,2,1,100,15011
PRIO,100,5,1,100,15008
PRIO,100,4,1,100,15015
FIFO,100,4,1,100,15008
FIFO,100,5,1,100,15009
FIFO,100,1,1,100,15018
FIFO,100,3,1,100,15019
FIFO,100,2,1,100,15032
LIFO,100,1,1,100,15008
LIFO,100,3,1,100,15042
PRIO,100,4,1,100,15021
PRIO,100,2,1,100,15030
PRIO,100,3,1,100,15026
LIFO,100,2,1,100,15049
LIFO,100,4,1,100,15111
LIFO,100,2,1,100,15113
LIFO,100,3,1,100,15114
LIFO,100,5,1,100,15113
PRIO,100,5,1,100,15011
FIFO,100,1,1,100,15018
LIFO,100,2,1,100,15034
LIFO,100,3,1,100,15035
LIFO,100,4,1,100,15036
LIFO,100,5,1,100,15038
FIFO,100,2,1,100,15058
LIFO,100,1,1,100,15054
FIFO,100,3,1,100,15058
LIFO,100,4,1,100,15191
FIFO,100,5,1,100,15103
FIFO,100,4,1,100,15103
PRIO,100,1,1,100,15185
LIFO,100,5,1,100,15198
PRIO,200,4,1,200,30304
PRIO,200,1,1,200,30343
PRIO,200,3,1,200,30346
PRIO,200,2,1,200,30365
FIFO,200,2,1,200,30314
LIFO,200,3,1,200,30208
FIFO,200,1,1,200,30335
PRIO,200,5,1,200,30392
LIFO,200,2,1,200,30267
FIFO,200,4,1,200,30329
FIFO,200,3,1,200,30410
LIFO,200,4,1,200,30316
LIFO,200,5,1,200,30291
FIFO,200,5,1,200,30354
PRIO,200,1,1,200,30269
PRIO,200,2,1,200,30272
LIFO,200,1,1,200,30438
PRIO,200,5,1,200,30346
FIFO,200,3,1,200,30293
FIFO,200,4,1,200,30337
FIFO,200,1,1,200,30406
FIFO,200,2,1,200,30390
PRIO,200,3,1,200,30439
LIFO,200,5,1,200,30323
LIFO,200,2,1,200,30327
LIFO,200,1,1,200,30345
LIFO,200,4,1,200,30369
PRIO,200,3,1,200,30281
PRIO,200,5,1,200,30259
PRIO,200,4,1,200,30431
FIFO,200,5,1,200,30460
PRIO,200,1,1,200,30417
LIFO,200,3,1,200,30483
PRIO,200,4,1,200,30357
FIFO,200,1,1,200,30320
FIFO,200,2,1,200,30329
PRIO,200,2,1,200,30436
FIFO,200,5,1,200,30303
FIFO,200,4,1,200,30369
LIFO,200,4,1,200,30284
LIFO,200,2,1,200,30377
LIFO,200,3,1,200,30371
FIFO,200,3,1,200,30489
LIFO,200,5,1,200,30337
LIFO,200,1,1,200,30471
PRIO,400,1,1,400,60921
PRIO,400,2,1,400,61028
FIFO,400,5,1,400,60995
PRIO,400,5,1,400,61126
FIFO,400,3,1,400,61129
FIFO,400,1,1,400,61189
PRIO,400,4,1,400,61243
FIFO,400,2,1,400,61195
PRIO,400,3,1,400,60967
LIFO,400,1,1,400,61142
FIFO,400,4,1,400,61204
PRIO,400,3,1,400,61372
LIFO,400,5,1,400,61158
LIFO,400,2,1,400,61221
PRIO,400,4,1,400,61071
PRIO,400,1,1,400,61168
LIFO,400,4,1,400,61235
PRIO,400,5,1,400,61144
FIFO,400,1,1,400,61108
LIFO,400,2,1,400,60925
PRIO,400,2,1,400,61265
LIFO,400,3,1,400,61030
LIFO,400,3,1,400,61466
PRIO,400,1,1,400,61137
FIFO,400,5,1,400,61252
FIFO,400,3,1,400,61332
FIFO,400,2,1,400,61378
FIFO,400,4,1,400,60959
PRIO,400,2,1,400,61186
PRIO,400,4,1,400,61152
LIFO,400,1,1,400,61149
FIFO,400,1,1,400,61119
LIFO,400,4,1,400,61349
PRIO,400,5,1,400,61256
FIFO,400,4,1,400,61498
LIFO,400,4,1,400,61018
LIFO,400,5,1,400,61450
FIFO,400,5,1,400,61154
FIFO,400,2,1,400,61279
LIFO,400,1,1,400,61179
FIFO,400,3,1,400,61283
PRIO,400,3,1,400,61440
LIFO,400,5,1,400,61145
LIFO,400,2,1,400,61238
LIFO,400,3,1,400,61211
FIFO,800,3,1,800,122507
PRIO,800,5,1,800,122679
PRIO,800,1,1,800,122838
PRIO,800,2,1,800,122871
PRIO,800,3,1,800,122866
PRIO,800,4,1,800,122860
FIFO,800,2,1,800,122818
FIFO,800,4,1,800,122791
LIFO,800,2,1,800,122711
FIFO,800,5,1,800,122915
FIFO,800,1,1,800,123084
LIFO,800,1,1,800,122919
LIFO,800,3,1,800,122975
LIFO,800,4,1,800,122962
LIFO,800,5,1,800,122884
PRIO,800,5,1,800,123314
PRIO,800,2,1,800,123464
PRIO,800,1,1,800,123502
FIFO,800,4,1,800,123222
FIFO,800,3,1,800,123342
PRIO,800,3,1,800,123515
FIFO,800,1,1,800,123473
PRIO,800,4,1,800,123564
LIFO,800,1,1,800,123390
LIFO,800,5,1,800,123295
LIFO,800,3,1,800,123376
FIFO,800,5,1,800,123529
LIFO,800,4,1,800,123410
FIFO,800,2,1,800,123666
LIFO,800,2,1,800,123586
PRIO,800,5,1,800,123806
LIFO,800,3,1,800,123797
PRIO,800,1,1,800,124136
FIFO,800,2,1,800,123877
FIFO,800,5,1,800,123879
FIFO,800,1,1,800,123951
PRIO,800,2,1,800,124172
FIFO,800,4,1,800,123999
LIFO,800,2,1,800,124011
LIFO,800,1,1,800,124037
PRIO,800,4,1,800,124196
FIFO,800,3,1,800,124109
PRIO,800,3,1,800,124274
LIFO,800,5,1,800,124135
LIFO,800,4,1,800,124498
FIFO,1600,2,1,1600,245182
PRIO,1600,1,1,1600,245761
PRIO,1600,5,1,1600,245463
PRIO,1600,2,1,1600,245672
FIFO,1600,3,1,1600,245429
FIFO,1600,4,1,1600,245467
PRIO,1600,3,1,1600,245953
FIFO,1600,1,1,1600,245839
LIFO,1600,1,1,1600,245784
PRIO,1600,4,1,1600,246164
FIFO,1600,5,1,1600,245852
LIFO,1600,5,1,1600,245650
LIFO,1600,2,1,1600,245781
LIFO,1600,3,1,1600,245728
LIFO,1600,4,1,1600,246096
FIFO,1600,3,1,1600,247466
FIFO,1600,2,1,1600,247648
LIFO,1600,4,1,1600,247602
PRIO,1600,1,1,1600,248575
LIFO,1600,2,1,1600,247523
FIFO,1600,1,1,1600,247879
LIFO,1600,1,1,1600,247798
PRIO,1600,2,1,1600,248597
FIFO,1600,5,1,1600,247870
LIFO,1600,3,1,1600,247838
PRIO,1600,4,1,1600,248313
FIFO,1600,4,1,1600,247991
PRIO,1600,3,1,1600,248526
PRIO,1600,5,1,1600,248302
LIFO,1600,5,1,1600,248082
FIFO,1600,4,1,1600,249081
FIFO,1600,5,1,1600,249044
FIFO,1600,1,1,1600,249205
FIFO,1600,2,1,1600,249244
LIFO,1600,5,1,1600,249031
PRIO,1600,3,1,1600,250075
PRIO,1600,1,1,1600,251074
FIFO,1600,3,1,1600,249421
LIFO,1600,3,1,1600,249215
LIFO,1600,1,1,1600,249407
PRIO,1600,2,1,1600,250798
PRIO,1600,4,1,1600,250111
LIFO,1600,4,1,1600,249848
LIFO,1600,2,1,1600,250166
PRIO,1600,5,1,1600,250895
