LENGTH,50
VERTEX,0
VERTEX,0
VERTEX,0
VERTEX,0
VERTEX,0
50,0.200000,16,PRIO,3.400000
50,0.200000,16,FIFO,3.600000
50,0.200000,16,LIFO,5.200000
VERTEX,1
VERTEX,0
VERTEX,0
VERTEX,0
VERTEX,1
50,0.500000,16,PRIO,4.800000
50,0.500000,16,FIFO,4.600000
50,0.500000,16,LIFO,4.200000
VERTEX,0
VERTEX,0
VERTEX,0
VERTEX,0
VERTEX,1
50,0.800000,16,PRIO,9.600000
50,0.800000,16,FIFO,5.400000
50,0.800000,16,LIFO,6.600000
LENGTH,100
VERTEX,0
VERTEX,1
VERTEX,0
VERTEX,0
VERTEX,0
100,0.200000,16,PRIO,5.800000
100,0.200000,16,FIFO,3.800000
100,0.200000,16,LIFO,3.400000
VERTEX,0
VERTEX,1
VERTEX,0
VERTEX,1
VERTEX,1
100,0.500000,16,PRIO,8.200000
100,0.500000,16,FIFO,3.600000
100,0.500000,16,LIFO,3.800000
VERTEX,0
VERTEX,0
VERTEX,1
VERTEX,0
VERTEX,1
100,0.800000,16,PRIO,4.000000
100,0.800000,16,FIFO,4.000000
100,0.800000,16,LIFO,4.200000
LENGTH,200
VERTEX,0
VERTEX,0
VERTEX,1
VERTEX,1
VERTEX,0
200,0.200000,16,PRIO,3.800000
200,0.200000,16,FIFO,4.200000
200,0.200000,16,LIFO,4.600000
VERTEX,1
VERTEX,0
VERTEX,0
VERTEX,1
VERTEX,0
200,0.500000,16,PRIO,3.400000
200,0.500000,16,FIFO,3.400000
200,0.500000,16,LIFO,4.200000
VERTEX,1
VERTEX,1
VERTEX,0
VERTEX,0
VERTEX,1
200,0.800000,16,PRIO,3.200000
200,0.800000,16,FIFO,3.600000
200,0.800000,16,LIFO,4.000000
LENGTH,400
VERTEX,0
VERTEX,0
VERTEX,0
VERTEX,1
VERTEX,1
400,0.200000,16,PRIO,2.400000
400,0.200000,16,FIFO,2.400000
400,0.200000,16,LIFO,4.400000
VERTEX,2
VERTEX,0
VERTEX,1
VERTEX,2
VERTEX,2
400,0.500000,16,PRIO,3.200000
400,0.500000,16,FIFO,3.600000
400,0.500000,16,LIFO,4.200000
VERTEX,2
VERTEX,1
VERTEX,1
VERTEX,1
VERTEX,3
400,0.800000,16,PRIO,3.000000
400,0.800000,16,FIFO,3.800000
400,0.800000,16,LIFO,4.800000
LENGTH,800
VERTEX,1
VERTEX,1
VERTEX,1
VERTEX,3
VERTEX,2
800,0.200000,16,PRIO,2.600000
800,0.200000,16,FIFO,4.000000
800,0.200000,16,LIFO,4.400000
VERTEX,3
VERTEX,2
VERTEX,3
VERTEX,3
VERTEX,2
800,0.500000,16,PRIO,2.400000
800,0.500000,16,FIFO,4.600000
800,0.500000,16,LIFO,5.000000
VERTEX,4
VERTEX,5
VERTEX,4
VERTEX,4
VERTEX,6
800,0.800000,16,PRIO,2.400000
800,0.800000,16,FIFO,5.200000
800,0.800000,16,LIFO,4.600000
LENGTH,1600
VERTEX,6
VERTEX,6
VERTEX,6
VERTEX,6
VERTEX,5
1600,0.200000,16,PRIO,2.200000
1600,0.200000,16,FIFO,4.400000
1600,0.200000,16,LIFO,4.000000
VERTEX,25
VERTEX,23
VERTEX,22
VERTEX,35
VERTEX,30
1600,0.500000,16,PRIO,2.400000
1600,0.500000,16,FIFO,3.800000
1600,0.500000,16,LIFO,4.600000
VERTEX,50
VERTEX,39
VERTEX,43
VERTEX,45
VERTEX,48
1600,0.800000,16,PRIO,3.800000
1600,0.800000,16,FIFO,4.000000
1600,0.800000,16,LIFO,5.600000
PRIO,50,5,1,23,5583
PRIO,50,5,8,1,5595
PRIO,50,5,3,1,5596
PRIO,50,5,14,2,5594
PRIO,50,5,12,0,5594
PRIO,50,5,6,0,5595
PRIO,50,5,11,0,5594
PRIO,50,5,5,4,5595
PRIO,50,5,16,1,5593
PRIO,50,5,15,1,5594
PRIO,50,5,4,0,5595
PRIO,50,5,10,1,5595
PRIO,50,5,9,0,5596
PRIO,50,5,7,1,5596
LIFO,50,2,1,18,5778
PRIO,50,5,13,2,5730
PRIO,50,5,2,13,5732
LIFO,50,2,2,1,5855
LIFO,50,2,16,0,5850
LIFO,50,2,14,0,5850
LIFO,50,2,9,0,5852
LIFO,50,2,5,2,5853
LIFO,50,2,4,5,5855
LIFO,50,2,10,1,5852
LIFO,50,2,6,0,5853
LIFO,50,2,12,1,5851
LIFO,50,2,7,1,5852
LIFO,50,2,11,1,5851
LIFO,50,2,13,2,6000
LIFO,50,2,3,17,6079
LIFO,50,2,15,0,6150
LIFO,50,2,8,1,6152
PRIO,50,5,15,2,6300
LIFO,50,5,1,27,6154
PRIO,50,5,2,18,6327
PRIO,50,5,6,0,6452
PRIO,50,5,14,1,6451
PRIO,50,5,1,12,6453
PRIO,50,5,11,0,6451
PRIO,50,5,13,1,6451
PRIO,50,5,9,2,6452
PRIO,50,5,3,4,6453
PRIO,50,5,4,0,6452
PRIO,50,5,8,0,6452
PRIO,50,5,7,0,6452
PRIO,50,5,12,0,6451
LIFO,50,5,10,0,6296
LIFO,50,5,3,2,6299
LIFO,50,5,6,0,6298
LIFO,50,5,16,1,6296
LIFO,50,5,13,0,6296
LIFO,50,5,11,1,6297
LIFO,50,5,12,0,6297
LIFO,50,5,5,2,6298
LIFO,50,5,7,0,6301
LIFO,50,5,8,2,6301
LIFO,50,5,14,1,6300
LIFO,50,5,15,3,6300
LIFO,50,5,4,0,6302
PRIO,50,5,10,1,6601
PRIO,50,5,5,8,6602
PRIO,50,5,16,1,6600
LIFO,50,5,9,1,6472
LIFO,50,5,2,10,6478
PRIO,50,2,2,10,6586
PRIO,50,2,12,0,6583
PRIO,50,2,15,2,6583
PRIO,50,2,5,2,6584
PRIO,50,2,7,1,6584
PRIO,50,1,4,21,6794
PRIO,50,2,9,0,6653
PRIO,50,2,14,1,6653
PRIO,50,2,13,0,6653
PRIO,50,2,1,27,6656
PRIO,50,1,9,1,6846
PRIO,50,1,1,12,6934
PRIO,50,1,13,1,6932
PRIO,50,1,10,0,6932
PRIO,50,1,3,2,6933
PRIO,50,1,12,0,6932
PRIO,50,1,7,1,6933
PRIO,50,1,11,0,6931
PRIO,50,1,16,0,6932
PRIO,50,1,2,1,6935
PRIO,50,1,8,0,6934
PRIO,50,1,5,6,7072
PRIO,50,2,4,2,6886
PRIO,50,2,16,0,6883
PRIO,50,2,6,2,6884
PRIO,50,2,11,0,6883
PRIO,50,2,10,0,6884
PRIO,50,2,8,1,6884
PRIO,50,2,3,2,6886
PRIO,50,1,6,2,7093
PRIO,50,1,14,1,7092
PRIO,50,1,15,2,7092
LIFO,50,4,1,27,6928
LIFO,50,4,16,2,7074
LIFO,50,4,6,2,7076
LIFO,50,4,4,1,7076
LIFO,50,4,13,1,7074
LIFO,50,4,5,2,7076
LIFO,50,4,10,2,7075
LIFO,50,4,11,1,7075
LIFO,50,4,8,0,7075
LIFO,50,4,15,0,7074
LIFO,50,4,14,0,7074
LIFO,50,4,7,1,7076
LIFO,50,4,9,0,7075
LIFO,50,4,3,2,7077
LIFO,50,4,2,8,7228
LIFO,50,4,12,1,7225
LIFO,50,5,7,1,7364
LIFO,50,5,14,0,7362
LIFO,50,5,12,1,7363
LIFO,50,5,8,1,7363
LIFO,50,5,10,0,7363
LIFO,50,5,11,1,7363
LIFO,50,5,5,1,7364
LIFO,50,5,3,1,7365
LIFO,50,5,9,4,7363
LIFO,50,5,16,1,7362
LIFO,50,5,13,1,7363
PRIO,50,2,9,2,7351
PRIO,50,2,2,10,7353
PRIO,50,2,1,25,7353
PRIO,50,3,13,0,7358
PRIO,50,3,5,3,7360
PRIO,50,3,4,2,7360
PRIO,50,3,1,26,7394
LIFO,50,5,1,19,7515
LIFO,50,5,15,1,7512
PRIO,50,3,3,2,7519
PRIO,50,3,10,1,7663
LIFO,50,2,1,31,7538
LIFO,50,1,1,26,7559
LIFO,50,5,4,2,7664
LIFO,50,5,2,15,7665
LIFO,50,5,6,1,7664
PRIO,50,2,4,1,7652
PRIO,50,2,16,1,7649
PRIO,50,2,15,1,7649
PRIO,50,2,10,0,7651
PRIO,50,2,14,0,7650
PRIO,50,2,12,0,7650
PRIO,50,2,3,5,7652
PRIO,50,2,6,1,7651
PRIO,50,2,7,1,7651
PRIO,50,2,5,0,7652
PRIO,50,2,11,2,7650
PRIO,50,2,8,0,7651
PRIO,50,2,13,1,7650
PRIO,50,3,2,11,7661
PRIO,50,3,8,1,7659
PRIO,50,3,10,1,7659
PRIO,50,3,6,0,7660
PRIO,50,3,14,1,7658
PRIO,50,3,15,1,7658
PRIO,50,3,7,0,7659
PRIO,50,3,12,0,7658
PRIO,50,3,16,1,7657
PRIO,50,3,9,1,7659
PRIO,50,3,11,0,7659
PRIO,50,4,2,11,7680
PRIO,50,3,13,3,7805
PRIO,50,4,1,35,7724
LIFO,50,2,4,1,7687
LIFO,50,2,5,0,7685
LIFO,50,2,6,1,7686
LIFO,50,2,9,0,7685
LIFO,50,2,10,0,7685
LIFO,50,2,11,0,7685
LIFO,50,2,13,0,7684
LIFO,50,2,8,0,7685
LIFO,50,1,14,1,7689
LIFO,50,2,16,0,7684
LIFO,50,1,5,0,7691
LIFO,50,1,7,2,7691
LIFO,50,1,12,0,7690
LIFO,50,1,9,3,7691
LIFO,50,1,15,1,7689
LIFO,50,1,13,2,7689
LIFO,50,1,11,0,7690
LIFO,50,1,3,2,7691
LIFO,50,1,10,1,7691
LIFO,50,1,8,0,7691
LIFO,50,1,6,0,7691
LIFO,50,1,4,2,7691
LIFO,50,2,12,1,7685
LIFO,50,2,3,3,7687
LIFO,50,2,15,0,7721
LIFO,50,4,10,6,7817
LIFO,50,4,7,2,7818
LIFO,50,4,1,16,7820
PRIO,50,4,14,1,7823
PRIO,50,4,3,2,7825
PRIO,50,3,5,0,7962
PRIO,50,3,8,1,7963
PRIO,50,3,12,0,7962
PRIO,50,3,1,12,7965
PRIO,50,3,11,2,7963
PRIO,50,3,7,7,7963
PRIO,50,3,4,1,7963
PRIO,50,3,16,3,7961
PRIO,50,3,9,0,7963
PRIO,50,3,14,0,7962
PRIO,50,3,3,0,7965
PRIO,50,3,2,19,7965
PRIO,50,3,15,0,7962
PRIO,50,3,6,1,7964
PRIO,50,4,11,1,7960
PRIO,50,2,10,3,7972
PRIO,50,2,7,2,7979
PRIO,50,2,13,0,7978
PRIO,50,2,12,1,7978
PRIO,50,2,16,0,7978
PRIO,50,2,11,0,7979
PRIO,50,2,4,1,7981
PRIO,50,2,8,2,7980
PRIO,50,2,9,0,7980
PRIO,50,2,15,0,7978
PRIO,50,2,3,1,7980
PRIO,50,2,1,12,7982
PRIO,50,2,5,21,7992
LIFO,50,2,7,3,7835
LIFO,50,2,2,8,7837
LIFO,50,2,14,2,7834
LIFO,50,1,2,8,7869
LIFO,50,1,16,2,7866
PRIO,50,5,2,9,7809
PRIO,50,5,12,2,7806
PRIO,50,2,14,0,8039
LIFO,50,4,2,14,7969
LIFO,50,4,4,1,7968
LIFO,50,4,6,0,7968
LIFO,50,4,13,0,7967
LIFO,50,4,16,2,7966
LIFO,50,4,5,3,7968
LIFO,50,4,11,0,7967
LIFO,50,4,15,0,7966
LIFO,50,4,14,0,7967
LIFO,50,4,12,0,7967
LIFO,50,4,9,2,7968
LIFO,50,4,8,2,7968
PRIO,50,4,15,0,7961
PRIO,50,4,4,0,7963
PRIO,50,4,8,0,7962
PRIO,50,4,10,0,7962
PRIO,50,4,9,0,7962
PRIO,50,4,6,0,7963
PRIO,50,4,13,0,7961
PRIO,50,4,16,1,7961
PRIO,50,4,5,0,7963
PRIO,50,4,7,0,7962
PRIO,50,4,11,0,7962
PRIO,50,4,12,0,7962
PRIO,50,4,6,4,8111
PRIO,50,2,2,1,8130
PRIO,50,2,6,6,8129
PRIO,50,4,4,19,8121
PRIO,50,5,5,3,7952
PRIO,50,5,7,3,7952
PRIO,50,5,15,0,7951
PRIO,50,5,3,3,7954
PRIO,50,5,4,0,7953
PRIO,50,5,14,0,7951
PRIO,50,5,9,1,7952
PRIO,50,5,8,0,7952
PRIO,50,5,11,1,7951
PRIO,50,5,10,0,7952
PRIO,50,5,13,0,7952
PRIO,50,5,16,2,7951
PRIO,50,5,6,1,7953
LIFO,50,4,3,2,8118
LIFO,50,1,2,7,7994
LIFO,50,1,14,4,7988
LIFO,50,1,7,0,7991
LIFO,50,1,16,0,7988
LIFO,50,1,15,0,7988
LIFO,50,1,6,0,7991
LIFO,50,1,3,3,7994
LIFO,50,1,4,2,7991
LIFO,50,1,8,1,7991
LIFO,50,1,13,0,7988
PRIO,50,4,14,0,8259
PRIO,50,4,8,0,8261
PRIO,50,4,10,1,8261
PRIO,50,4,5,3,8261
PRIO,50,4,15,1,8260
PRIO,50,4,2,1,8262
PRIO,50,4,1,17,8262
PRIO,50,4,13,0,8260
PRIO,50,4,16,1,8260
PRIO,50,4,7,1,8261
PRIO,50,4,9,1,8261
PRIO,50,5,1,25,8109
PRIO,50,4,12,0,8335
PRIO,50,4,3,0,8337
LIFO,50,1,9,1,8134
LIFO,50,1,12,1,8131
LIFO,50,1,5,4,8134
LIFO,50,1,1,26,8144
FIFO,50,3,7,0,8639
FIFO,50,3,4,0,8641
FIFO,50,3,9,2,8639
FIFO,50,3,2,1,8642
FIFO,50,3,16,2,8648
FIFO,50,3,11,1,8651
FIFO,50,3,3,1,8652
FIFO,50,3,1,36,8657
LIFO,50,1,10,0,8465
LIFO,50,1,11,1,8465
LIFO,50,1,2,16,8774
FIFO,50,3,10,1,8790
FIFO,50,3,5,1,8793
FIFO,50,1,6,3,8803
FIFO,50,1,5,1,8805
LIFO,50,3,13,1,8685
PRIO,50,3,1,33,8663
PRIO,50,3,2,11,8664
PRIO,50,3,4,2,8663
PRIO,50,3,11,0,8662
PRIO,50,3,8,0,8662
PRIO,50,3,3,0,8661
PRIO,50,3,15,0,8661
PRIO,50,3,12,0,8661
PRIO,50,3,6,1,8663
PRIO,50,3,16,1,8660
PRIO,50,3,5,0,8663
FIFO,50,3,8,3,8801
FIFO,50,3,14,2,8800
PRIO,50,3,7,0,8663
PRIO,50,3,10,0,8663
PRIO,50,3,14,0,8662
LIFO,50,1,1,21,8791
LIFO,50,4,1,27,8576
LIFO,50,5,2,7,8587
LIFO,50,5,8,0,8586
LIFO,50,5,3,2,8587
LIFO,50,1,9,1,8808
FIFO,50,3,15,0,8824
FIFO,50,1,12,1,8834
LIFO,50,2,1,28,8613
PRIO,50,3,13,1,8700
PRIO,50,3,9,1,8701
LIFO,50,3,1,23,8733
LIFO,50,3,16,2,8730
FIFO,50,1,13,0,8877
FIFO,50,1,15,0,8878
FIFO,50,1,7,0,8879
FIFO,50,1,9,0,8879
FIFO,50,1,2,0,8880
FIFO,50,1,16,0,8877
FIFO,50,1,11,0,8878
FIFO,50,1,8,0,8879
FIFO,50,1,10,0,8879
FIFO,50,1,3,0,8880
FIFO,50,1,14,0,8879
FIFO,50,3,12,0,8890
FIFO,50,3,13,0,8890
FIFO,50,3,6,0,8892
LIFO,50,1,16,1,8872
LIFO,50,1,7,0,8879
LIFO,50,1,6,3,8880
LIFO,50,1,10,0,8879
LIFO,50,1,3,0,8881
LIFO,50,1,15,1,8877
LIFO,50,1,12,0,8878
LIFO,50,1,11,0,8878
LIFO,50,1,14,0,8877
LIFO,50,1,4,1,8880
LIFO,50,1,5,0,8880
LIFO,50,1,13,0,8877
LIFO,50,1,8,6,8879
PRIO,50,1,4,1,8856
PRIO,50,1,14,0,8853
PRIO,50,1,13,1,8854
PRIO,50,1,1,23,8857
PRIO,50,1,12,2,8854
PRIO,50,1,15,2,8853
PRIO,50,1,9,0,8854
PRIO,50,1,11,1,8854
PRIO,50,1,6,0,8856
PRIO,50,1,8,2,8856
LIFO,50,2,2,9,8738
LIFO,50,4,2,10,8718
FIFO,50,2,16,4,8979
PRIO,50,1,3,1,9041
FIFO,50,1,1,41,9102
FIFO,50,1,4,4,9103
LIFO,50,3,2,9,8988
LIFO,50,3,9,2,8986
LIFO,50,3,15,3,8985
LIFO,50,3,14,0,8985
LIFO,50,3,7,1,8987
LIFO,50,3,10,0,8986
LIFO,50,3,8,2,8986
LIFO,50,3,3,5,8987
LIFO,50,3,11,0,8986
LIFO,50,3,5,1,8987
LIFO,50,3,6,0,8987
LIFO,50,3,12,0,8985
LIFO,50,3,4,1,8987
LIFO,50,2,15,3,8872
LIFO,50,4,10,2,8867
LIFO,50,5,10,1,8863
LIFO,50,4,3,3,8868
LIFO,50,5,14,2,8862
PRIO,50,1,2,9,8976
PRIO,50,1,12,2,8973
LIFO,50,4,8,1,8889
LIFO,50,5,1,27,8887
LIFO,50,4,13,0,8888
LIFO,50,4,16,1,8888
LIFO,50,4,12,4,8888
LIFO,50,4,6,0,8889
LIFO,50,5,7,0,8886
LIFO,50,4,7,0,8889
LIFO,50,4,5,0,8890
LIFO,50,4,11,0,8889
LIFO,50,5,4,1,8886
LIFO,50,4,15,0,8889
LIFO,50,2,9,0,8897
LIFO,50,2,3,3,8911
LIFO,50,5,5,0,8887
LIFO,50,5,12,3,8886
LIFO,50,5,15,3,8884
LIFO,50,5,13,2,8884
LIFO,50,4,4,2,8890
LIFO,50,5,6,1,8886
LIFO,50,5,9,1,8885
LIFO,50,4,14,0,8888
LIFO,50,5,16,0,8884
LIFO,50,5,11,0,8885
LIFO,50,4,9,0,8889
LIFO,50,2,7,2,8897
LIFO,50,2,10,0,8896
LIFO,50,2,16,0,8895
LIFO,50,2,13,0,8896
LIFO,50,2,5,1,8898
LIFO,50,2,4,1,8898
LIFO,50,2,12,0,8896
LIFO,50,2,14,1,8895
LIFO,50,2,8,2,8897
LIFO,50,2,11,0,8896
LIFO,50,2,6,0,8897
FIFO,50,2,1,37,9132
FIFO,50,2,3,1,9132
FIFO,50,2,5,0,9132
FIFO,50,2,8,0,9132
FIFO,50,2,4,0,9133
FIFO,50,2,14,0,9129
FIFO,50,2,9,0,9132
FIFO,50,2,12,0,9132
FIFO,50,2,7,0,9133
FIFO,50,2,6,0,9133
FIFO,50,2,2,1,9135
PRIO,50,1,15,1,9006
PRIO,50,1,13,1,9007
PRIO,50,1,9,1,9007
PRIO,50,1,14,2,9007
PRIO,50,1,7,0,9008
PRIO,50,1,10,0,9007
PRIO,50,1,8,1,9008
PRIO,50,1,16,1,9006
PRIO,50,1,6,1,9008
PRIO,50,1,3,1,9009
PRIO,50,1,5,1,9008
PRIO,50,1,4,4,9009
PRIO,50,1,11,0,9007
FIFO,50,4,7,1,9191
FIFO,50,4,1,39,9193
PRIO,50,1,16,1,9153
PRIO,50,1,10,3,9154
PRIO,50,1,2,12,9156
PRIO,50,1,7,0,9155
PRIO,50,1,5,1,9155
FIFO,50,2,6,4,9158
FIFO,50,2,2,6,9159
FIFO,50,2,10,2,9160
LIFO,50,3,2,12,9026
PRIO,50,1,1,25,9160
PRIO,50,4,2,10,9188
FIFO,50,4,5,1,9342
LIFO,50,3,12,0,9154
LIFO,50,3,15,0,9154
FIFO,50,2,14,0,9306
FIFO,50,2,12,0,9306
FIFO,50,2,15,0,9306
FIFO,50,2,8,0,9307
LIFO,50,3,10,0,9157
LIFO,50,3,6,0,9157
LIFO,50,3,9,0,9157
LIFO,50,3,11,0,9157
FIFO,50,2,3,0,9307
LIFO,50,3,16,1,9157
FIFO,50,2,1,33,9309
LIFO,50,3,7,0,9157
LIFO,50,3,14,0,9156
LIFO,50,3,8,0,9157
LIFO,50,3,3,2,9159
FIFO,50,2,16,0,9309
FIFO,50,2,11,1,9310
LIFO,50,3,13,0,9159
FIFO,50,2,4,0,9311
LIFO,50,3,4,0,9161
PRIO,50,4,12,0,9222
PRIO,50,4,15,1,9224
PRIO,50,4,13,0,9224
PRIO,50,4,7,0,9225
PRIO,50,4,14,0,9224
PRIO,50,4,4,2,9253
PRIO,50,4,3,0,9253
PRIO,50,4,5,0,9253
PRIO,50,4,11,0,9225
PRIO,50,4,8,0,9225
PRIO,50,4,10,0,9225
FIFO,50,2,13,5,9406
FIFO,50,2,10,1,9406
FIFO,50,2,11,1,9431
FIFO,50,2,15,0,9428
PRIO,50,4,6,1,9300
PRIO,50,4,9,1,9300
PRIO,50,4,16,3,9299
LIFO,50,3,12,0,9459
LIFO,50,3,3,3,9461
LIFO,50,3,7,0,9462
LIFO,50,3,13,0,9459
LIFO,50,3,10,1,9461
LIFO,50,3,9,0,9461
LIFO,50,3,14,1,9458
LIFO,50,3,1,17,9463
LIFO,50,3,11,0,9461
FIFO,50,4,15,0,9489
FIFO,50,4,2,7,9492
FIFO,50,4,4,0,9491
FIFO,50,4,10,1,9490
FIFO,50,4,11,0,9490
FIFO,50,4,6,0,9491
FIFO,50,4,3,0,9492
FIFO,50,4,14,0,9490
FIFO,50,4,8,0,9491
FIFO,50,4,12,0,9490
FIFO,50,4,9,0,9491
FIFO,50,4,13,0,9490
FIFO,50,4,16,1,9489
LIFO,50,3,5,1,9301
FIFO,50,2,7,1,9457
FIFO,50,2,9,1,9457
FIFO,50,2,5,1,9458
FIFO,50,2,13,1,9456
FIFO,50,4,2,4,9454
FIFO,50,4,6,1,9453
LIFO,50,3,1,34,9323
PRIO,50,4,1,32,9478
LIFO,50,3,4,2,9615
LIFO,50,3,5,5,9660
LIFO,50,3,15,5,9658
LIFO,50,3,16,2,9658
LIFO,50,3,2,13,9663
FIFO,50,4,14,2,9601
FIFO,50,4,15,0,9601
FIFO,50,4,7,1,9603
FIFO,50,4,10,0,9602
FIFO,50,4,11,0,9602
FIFO,50,4,13,0,9602
FIFO,50,4,3,3,9603
FIFO,50,4,8,0,9603
FIFO,50,4,9,0,9602
FIFO,50,4,12,0,9602
FIFO,50,4,5,1,9603
FIFO,50,4,10,1,9516
FIFO,50,4,3,0,9521
FIFO,50,3,8,1,9626
FIFO,50,1,10,1,9533
FIFO,50,4,8,1,9518
FIFO,50,4,13,1,9517
FIFO,50,4,12,0,9517
FIFO,50,4,6,1,9518
FIFO,50,4,7,0,9519
FIFO,50,4,11,0,9518
FIFO,50,4,16,0,9517
FIFO,50,4,14,6,9528
FIFO,50,4,16,1,9652
FIFO,50,4,4,2,9677
LIFO,50,3,6,0,9765
LIFO,50,3,8,1,9764
FIFO,50,5,2,1,9788
FIFO,50,5,10,0,9788
FIFO,50,5,15,1,9787
FIFO,50,1,1,34,9664
FIFO,50,1,2,4,9767
FIFO,50,4,1,35,9753
FIFO,50,3,2,3,9781
FIFO,50,4,15,1,9667
FIFO,50,4,9,1,9668
FIFO,50,4,4,1,9671
FIFO,50,4,2,2,9671
FIFO,50,1,13,1,9686
FIFO,50,1,12,1,9686
FIFO,50,1,11,1,9686
FIFO,50,1,14,1,9685
FIFO,50,1,7,1,9688
FIFO,50,1,8,1,9688
FIFO,50,1,15,1,9685
FIFO,50,4,1,33,9682
FIFO,50,5,1,39,9869
FIFO,50,5,4,1,9980
FIFO,50,5,9,2,9980
FIFO,50,5,14,1,9979
FIFO,50,5,8,1,9980
FIFO,50,1,5,1,9913
FIFO,50,1,16,0,9911
FIFO,50,1,9,0,9912
FIFO,50,1,11,0,9912
FIFO,50,1,8,0,9912
FIFO,50,1,1,33,9914
FIFO,50,1,4,4,9913
FIFO,50,5,16,1,9981
FIFO,50,5,13,2,9982
FIFO,50,5,3,1,9983
FIFO,50,1,6,0,9916
FIFO,50,1,3,0,9820
FIFO,50,1,16,0,9817
FIFO,50,1,5,0,9820
FIFO,50,1,6,2,9820
FIFO,50,1,2,6,9822
FIFO,50,1,9,0,9820
FIFO,50,1,4,0,9820
FIFO,50,3,16,2,9914
FIFO,50,3,6,2,9916
FIFO,50,3,3,0,9916
FIFO,50,3,12,1,9916
FIFO,50,4,5,2,9809
FIFO,50,3,11,0,9916
FIFO,50,3,15,2,9915
FIFO,50,3,10,2,9916
FIFO,50,3,5,0,9917
FIFO,50,3,9,0,9916
FIFO,50,3,13,0,9916
FIFO,50,3,4,0,9917
FIFO,50,3,1,33,9924
FIFO,50,3,14,1,9935
FIFO,50,3,7,3,9938
FIFO,50,5,12,0,10086
FIFO,50,5,11,0,10086
FIFO,50,5,5,0,10087
FIFO,50,5,7,0,10087
FIFO,50,5,6,0,10088
FIFO,50,1,15,1,10061
FIFO,50,1,14,1,10061
FIFO,50,1,13,1,10061
FIFO,50,1,3,1,10063
FIFO,50,1,10,1,10062
FIFO,50,1,12,2,10062
FIFO,50,1,7,1,10062
FIFO,50,5,11,2,9963
FIFO,50,5,15,0,10096
FIFO,50,5,3,0,10100
FIFO,50,5,7,0,10097
FIFO,50,5,4,3,10098
FIFO,50,5,10,0,10097
FIFO,50,5,14,0,10096
FIFO,50,5,2,3,10100
FIFO,50,5,13,2,10096
FIFO,50,5,1,34,10264
FIFO,50,5,16,1,10262
FIFO,50,5,12,1,10262
FIFO,50,5,8,1,10264
FIFO,50,5,9,1,10264
FIFO,50,5,6,1,10264
FIFO,50,5,5,1,10265
FIFO,50,5,2,3,10649
FIFO,50,5,4,1,10649
FIFO,50,5,1,36,10700
FIFO,50,5,9,2,10724
FIFO,50,5,8,2,10733
FIFO,50,5,11,0,10796
FIFO,50,5,13,0,10798
FIFO,50,5,5,0,10801
FIFO,50,5,3,0,10801
FIFO,50,5,10,0,10800
FIFO,50,5,16,0,10798
FIFO,50,3,1,34,10728
FIFO,50,5,7,1,10848
FIFO,50,5,12,1,10873
FIFO,50,5,15,2,10872
FIFO,50,5,14,1,10873
FIFO,50,5,6,1,10874
FIFO,50,3,4,4,10862
FIFO,50,3,16,1,10875
FIFO,50,3,11,1,10876
FIFO,50,3,6,1,10878
FIFO,50,3,13,2,11005
FIFO,50,3,9,0,11008
FIFO,50,2,7,1,11015
FIFO,50,2,12,0,11015
FIFO,50,3,10,0,11009
FIFO,50,3,3,0,11011
FIFO,50,3,5,0,11012
FIFO,50,3,14,0,11008
FIFO,50,3,15,3,11008
FIFO,50,3,12,0,11008
FIFO,50,3,8,0,11009
FIFO,50,2,6,2,11015
FIFO,50,3,7,2,11011
FIFO,50,2,8,2,11015
FIFO,50,3,2,2,11032
FIFO,50,2,2,3,11035
FIFO,50,2,1,34,11181
FIFO,50,2,15,1,11181
FIFO,50,2,13,1,11182
FIFO,50,2,9,1,11182
FIFO,50,2,4,1,11182
FIFO,50,2,11,1,11182
FIFO,50,2,14,1,11182
FIFO,50,2,16,2,11312
FIFO,50,2,10,0,11315
FIFO,50,2,5,0,11316
FIFO,50,2,3,0,11317
PRIO,100,4,3,1,12953
PRIO,100,4,4,3,12953
PRIO,100,4,5,4,12953
LIFO,100,3,11,2,12980
PRIO,100,4,14,2,13102
PRIO,100,4,11,1,13102
PRIO,100,4,12,2,13102
PRIO,100,4,8,0,13103
PRIO,100,4,16,8,13101
PRIO,100,4,7,2,13103
PRIO,100,4,9,1,13103
PRIO,100,4,1,27,13106
PRIO,100,4,15,5,13102
PRIO,100,4,10,2,13102
PRIO,100,4,6,2,13103
PRIO,100,4,2,40,13106
PRIO,100,4,13,0,13102
LIFO,100,3,1,22,13132
LIFO,100,3,9,2,13130
LIFO,100,3,15,4,13129
LIFO,100,3,2,17,13283
LIFO,100,3,5,3,13282
LIFO,100,3,14,10,13280
LIFO,100,3,7,0,13282
LIFO,100,3,3,25,13282
LIFO,100,3,10,1,13281
LIFO,100,3,16,9,13280
LIFO,100,3,8,2,13281
LIFO,100,3,6,1,13282
LIFO,100,3,4,1,13282
LIFO,100,3,12,0,13280
LIFO,100,3,13,1,13280
LIFO,100,1,10,2,13668
LIFO,100,1,13,1,13668
LIFO,100,1,15,2,13667
LIFO,100,1,4,1,13669
LIFO,100,1,3,7,13670
LIFO,100,1,5,3,13669
LIFO,100,1,9,2,13668
LIFO,100,1,14,1,13667
LIFO,100,1,1,57,13671
LIFO,100,1,2,16,13670
LIFO,100,1,7,1,13669
LIFO,100,1,11,1,13668
LIFO,100,1,16,1,13667
LIFO,100,1,12,3,13668
LIFO,100,1,8,1,13668
LIFO,100,1,6,1,13669
PRIO,100,2,7,2,13810
PRIO,100,2,4,6,13811
PRIO,100,2,9,5,13810
PRIO,100,2,15,7,13959
PRIO,100,2,5,1,13961
PRIO,100,2,10,2,13959
PRIO,100,2,3,4,13961
PRIO,100,2,11,0,13959
PRIO,100,2,16,2,13959
PRIO,100,2,12,1,13959
PRIO,100,2,13,0,13959
PRIO,100,2,6,1,13961
PRIO,100,2,8,0,13960
PRIO,100,2,2,38,13963
PRIO,100,2,14,6,13959
PRIO,100,2,1,25,14113
PRIO,100,3,13,2,14571
PRIO,100,3,8,1,14573
PRIO,100,3,6,0,14573
PRIO,100,3,4,7,14573
PRIO,100,3,10,0,14572
PRIO,100,3,9,2,14572
PRIO,100,3,11,3,14571
PRIO,100,5,5,4,14563
PRIO,100,5,4,8,14563
PRIO,100,5,16,7,14561
PRIO,100,5,8,4,14562
PRIO,100,3,7,2,14723
PRIO,100,3,12,3,14721
PRIO,100,3,15,6,14721
PRIO,100,5,10,1,14712
PRIO,100,5,14,2,14711
PRIO,100,5,15,3,14711
PRIO,100,5,1,27,14716
PRIO,100,5,2,38,14715
PRIO,100,5,13,0,14711
PRIO,100,5,12,0,14712
PRIO,100,5,7,2,14712
PRIO,100,5,3,0,14715
PRIO,100,5,9,1,14712
PRIO,100,5,6,0,14713
PRIO,100,3,2,39,14876
PRIO,100,3,5,2,14873
PRIO,100,3,16,0,14871
PRIO,100,3,1,26,14876
PRIO,100,3,14,1,14871
PRIO,100,3,3,6,14876
PRIO,100,5,11,3,14862
FIFO,100,1,2,4,15164
FIFO,100,1,11,5,15161
PRIO,100,1,16,2,15246
PRIO,100,1,4,7,15249
FIFO,100,1,15,0,15310
FIFO,100,1,13,1,15311
FIFO,100,1,16,3,15310
FIFO,100,1,14,2,15310
FIFO,100,1,9,2,15313
PRIO,100,5,9,1,15161
FIFO,100,1,3,2,15314
FIFO,100,1,4,0,15314
FIFO,100,1,6,0,15313
PRIO,100,5,8,2,15161
PRIO,100,5,15,2,15158
PRIO,100,5,4,3,15161
PRIO,100,5,16,2,15158
PRIO,100,5,12,2,15160
PRIO,100,5,7,3,15161
PRIO,100,5,2,12,15162
PRIO,100,5,11,2,15160
PRIO,100,5,3,2,15162
PRIO,100,5,5,5,15161
PRIO,100,5,13,5,15160
PRIO,100,5,1,53,15163
PRIO,100,5,6,4,15161
LIFO,100,2,11,4,15338
LIFO,100,2,13,2,15338
LIFO,100,2,9,3,15339
PRIO,100,1,2,36,15401
PRIO,100,1,8,0,15397
PRIO,100,1,12,4,15397
PRIO,100,1,5,7,15398
PRIO,100,1,15,0,15396
PRIO,100,1,10,0,15397
PRIO,100,1,9,2,15397
PRIO,100,1,14,2,15396
PRIO,100,1,1,25,15401
LIFO,100,5,9,1,15330
LIFO,100,5,2,17,15332
LIFO,100,5,11,3,15330
LIFO,100,5,13,1,15330
LIFO,100,5,5,2,15331
LIFO,100,5,4,0,15331
LIFO,100,5,14,0,15330
LIFO,100,5,16,6,15329
LIFO,100,5,15,0,15329
LIFO,100,5,3,6,15331
LIFO,100,5,6,1,15331
LIFO,100,5,8,2,15331
FIFO,100,3,2,5,15454
FIFO,100,1,12,5,15461
FIFO,100,1,10,2,15462
FIFO,100,1,1,68,15464
FIFO,100,1,7,1,15463
FIFO,100,1,8,2,15463
FIFO,100,1,5,3,15463
LIFO,100,2,7,2,15489
LIFO,100,2,14,2,15488
LIFO,100,2,4,3,15490
LIFO,100,2,1,55,15490
LIFO,100,2,3,16,15490
PRIO,100,1,3,4,15549
PRIO,100,1,7,2,15548
PRIO,100,1,11,2,15547
PRIO,100,1,6,4,15548
PRIO,100,1,13,3,15547
LIFO,100,5,7,1,15481
LIFO,100,5,12,2,15480
LIFO,100,5,10,4,15480
LIFO,100,5,1,54,15482
FIFO,100,3,8,1,15602
FIFO,100,3,14,1,15601
FIFO,100,3,11,1,15601
FIFO,100,3,6,1,15603
FIFO,100,3,13,1,15601
FIFO,100,3,4,4,15603
PRIO,100,5,10,1,15460
PRIO,100,5,14,1,15459
FIFO,100,4,2,6,15630
FIFO,100,4,15,2,15627
FIFO,100,4,11,2,15628
FIFO,100,4,9,2,15628
FIFO,100,4,16,1,15627
LIFO,100,2,10,1,15639
LIFO,100,2,5,7,15640
LIFO,100,2,8,1,15639
LIFO,100,2,6,1,15639
LIFO,100,2,16,0,15637
LIFO,100,2,15,2,15637
LIFO,100,2,2,1,15640
LIFO,100,2,12,0,15638
LIFO,100,4,8,2,15633
FIFO,100,4,1,71,15703
FIFO,100,3,1,71,15713
FIFO,100,3,3,0,15754
FIFO,100,3,9,0,15752
FIFO,100,3,12,0,15751
FIFO,100,3,10,1,15752
FIFO,100,3,16,5,15751
FIFO,100,3,7,2,15754
FIFO,100,3,5,4,15754
FIFO,100,3,15,3,15751
FIFO,100,4,14,0,15777
FIFO,100,4,10,0,15778
FIFO,100,4,7,0,15779
FIFO,100,4,4,0,15779
FIFO,100,4,8,2,15778
FIFO,100,4,12,4,15779
FIFO,100,4,13,3,15778
LIFO,100,4,11,1,15782
LIFO,100,4,15,0,15782
LIFO,100,4,9,2,15783
LIFO,100,4,14,4,15782
LIFO,100,4,1,60,15786
LIFO,100,2,9,4,15750
FIFO,100,5,12,2,15890
FIFO,100,5,2,3,15893
FIFO,100,5,6,5,15892
FIFO,100,5,5,0,15892
FIFO,100,4,3,2,15929
FIFO,100,4,5,3,15929
FIFO,100,4,6,2,15929
LIFO,100,4,2,21,15938
LIFO,100,4,6,3,15937
LIFO,100,4,7,1,15937
LIFO,100,4,10,2,15937
PRIO,100,4,1,48,15909
LIFO,100,2,1,41,15902
FIFO,100,2,3,1,16050
FIFO,100,2,5,3,16050
FIFO,100,2,2,7,16051
FIFO,100,2,9,0,16049
FIFO,100,2,4,4,16049
FIFO,100,2,12,0,16049
FIFO,100,2,11,1,16049
FIFO,100,2,10,2,16049
FIFO,100,5,8,2,16040
FIFO,100,5,13,3,16039
LIFO,100,4,13,1,16087
LIFO,100,4,5,2,16089
LIFO,100,4,4,1,16089
LIFO,100,4,16,0,16087
LIFO,100,4,3,0,16089
LIFO,100,4,12,0,16087
PRIO,100,4,6,2,16056
PRIO,100,4,12,1,16056
PRIO,100,4,10,2,16056
PRIO,100,4,14,0,16056
PRIO,100,4,13,3,16056
PRIO,100,4,8,0,16057
PRIO,100,4,15,4,16055
PRIO,100,4,4,0,16058
PRIO,100,4,11,2,16056
PRIO,100,4,7,1,16057
PRIO,100,4,9,2,16057
PRIO,100,4,3,2,16058
PRIO,100,4,2,28,16062
PRIO,100,5,2,28,16066
LIFO,100,2,5,6,16051
LIFO,100,2,8,1,16051
LIFO,100,2,10,3,16050
LIFO,100,2,11,2,16050
LIFO,100,2,13,1,16050
LIFO,100,2,4,3,16051
LIFO,100,2,7,1,16051
LIFO,100,2,2,25,16052
LIFO,100,2,14,3,16049
LIFO,100,2,12,1,16050
LIFO,100,2,15,1,16049
LIFO,100,2,3,5,16052
LIFO,100,2,6,2,16051
LIFO,100,2,16,1,16049
FIFO,100,2,13,4,16183
FIFO,100,2,1,70,16186
FIFO,100,2,7,2,16185
FIFO,100,2,8,5,16200
FIFO,100,5,3,2,16192
FIFO,100,5,16,5,16190
FIFO,100,5,14,4,16190
FIFO,100,5,9,0,16191
FIFO,100,5,4,0,16192
FIFO,100,5,10,1,16191
FIFO,100,5,11,0,16190
FIFO,100,5,1,66,16193
FIFO,100,5,7,3,16192
FIFO,100,5,15,4,16190
PRIO,100,1,1,45,16227
PRIO,100,4,5,3,16207
PRIO,100,4,16,2,16205
PRIO,100,5,1,43,16224
FIFO,100,2,16,0,16348
FIFO,100,2,15,1,16348
FIFO,100,2,14,0,16348
FIFO,100,2,6,0,16350
PRIO,100,1,2,26,16377
PRIO,100,1,12,4,16371
PRIO,100,1,13,2,16371
PRIO,100,5,4,4,16373
PRIO,100,5,11,1,16372
PRIO,100,5,7,2,16373
PRIO,100,5,13,3,16372
PRIO,100,5,16,4,16371
PRIO,100,5,9,1,16372
PRIO,100,5,15,1,16371
PRIO,100,5,5,0,16373
PRIO,100,5,12,4,16372
PRIO,100,5,14,1,16372
PRIO,100,5,10,1,16372
PRIO,100,5,8,3,16373
PRIO,100,5,6,0,16373
PRIO,100,5,3,4,16373
PRIO,100,2,6,4,16388
PRIO,100,1,8,2,16517
PRIO,100,1,6,2,16517
PRIO,100,1,5,0,16517
PRIO,100,1,15,1,16515
PRIO,100,1,9,1,16517
PRIO,100,1,16,2,16515
PRIO,100,1,10,0,16516
PRIO,100,1,3,4,16522
PRIO,100,1,7,5,16517
PRIO,100,1,14,2,16516
PRIO,100,1,4,2,16521
PRIO,100,1,11,2,16516
LIFO,100,2,10,2,16385
LIFO,100,2,1,51,16387
LIFO,100,2,12,1,16385
LIFO,100,2,16,1,16383
LIFO,100,2,15,2,16384
LIFO,100,2,13,2,16384
LIFO,100,2,4,2,16386
LIFO,100,2,3,4,16386
LIFO,100,2,9,5,16385
LIFO,100,2,11,1,16385
LIFO,100,2,8,1,16386
LIFO,100,2,5,3,16386
LIFO,100,2,6,1,16386
PRIO,100,2,1,45,16558
PRIO,100,1,6,2,16486
PRIO,100,1,7,4,16486
PRIO,100,1,4,2,16486
PRIO,100,1,8,0,16486
PRIO,100,1,13,3,16485
PRIO,100,1,1,50,16487
PRIO,100,1,15,1,16484
PRIO,100,1,5,4,16486
PRIO,100,1,3,2,16487
PRIO,100,1,16,5,16484
PRIO,100,1,12,3,16485
PRIO,100,1,11,1,16485
PRIO,100,2,11,2,16687
PRIO,100,2,8,1,16687
PRIO,100,2,12,1,16687
PRIO,100,2,9,4,16687
PRIO,100,2,10,1,16687
PRIO,100,2,7,0,16687
PRIO,100,2,16,2,16686
PRIO,100,2,3,3,16688
PRIO,100,2,13,1,16687
PRIO,100,2,15,4,16687
PRIO,100,2,4,1,16689
PRIO,100,2,14,2,16687
PRIO,100,2,5,5,16689
FIFO,100,2,3,3,16682
FIFO,100,2,2,2,16683
LIFO,100,4,1,53,16614
LIFO,100,4,14,2,16611
LIFO,100,4,16,3,16611
LIFO,100,4,9,2,16613
LIFO,100,4,4,6,16614
LIFO,100,4,3,2,16614
LIFO,100,4,10,3,16612
LIFO,100,4,5,1,16614
LIFO,100,4,12,1,16612
LIFO,100,4,15,1,16611
LIFO,100,4,8,1,16613
LIFO,100,4,6,4,16614
LIFO,100,4,11,2,16612
LIFO,100,4,13,2,16611
FIFO,100,2,1,73,16714
FIFO,100,5,2,4,16705
LIFO,100,2,14,2,16691
LIFO,100,2,7,5,16695
LIFO,100,2,2,17,16696
PRIO,100,2,2,24,16858
PRIO,100,1,10,4,16785
PRIO,100,1,14,2,16785
PRIO,100,1,2,16,16787
PRIO,100,1,9,1,16786
FIFO,100,2,8,0,16831
FIFO,100,2,14,4,16830
FIFO,100,2,13,2,16830
FIFO,100,2,9,3,16831
FIFO,100,2,6,0,16832
FIFO,100,2,4,4,16832
FIFO,100,2,10,0,16831
FIFO,100,2,15,2,16831
FIFO,100,2,7,2,16832
LIFO,100,4,2,14,16765
LIFO,100,4,7,3,16763
FIFO,100,5,1,73,16852
FIFO,100,2,12,2,16861
FIFO,100,5,14,2,16853
FIFO,100,5,9,0,16854
FIFO,100,5,7,3,16855
FIFO,100,5,4,3,16855
FIFO,100,5,8,3,16854
FIFO,100,5,16,0,16853
FIFO,100,5,10,0,16854
FIFO,100,5,12,0,16854
FIFO,100,5,13,0,16854
FIFO,100,2,5,1,16982
FIFO,100,2,16,1,16981
FIFO,100,2,11,1,16982
FIFO,100,5,3,1,17004
FIFO,100,5,6,2,17127
FIFO,100,5,15,5,17125
FIFO,100,5,5,2,17148
FIFO,100,5,11,2,17147
PRIO,100,2,1,53,17341
PRIO,100,2,7,3,17342
PRIO,100,2,2,15,17491
PRIO,100,2,3,2,17493
PRIO,100,2,9,3,17492
PRIO,100,2,12,2,17491
PRIO,100,2,11,1,17491
PRIO,100,2,4,0,17493
PRIO,100,2,6,3,17492
PRIO,100,2,14,4,17490
PRIO,100,2,5,3,17492
PRIO,100,2,8,1,17492
PRIO,100,2,10,2,17491
PRIO,100,2,16,2,17490
PRIO,100,2,15,2,17490
PRIO,100,2,13,4,17490
LIFO,100,1,10,4,17591
FIFO,100,1,2,4,17616
FIFO,100,1,1,69,17617
FIFO,100,4,2,5,17538
FIFO,100,1,14,1,17616
FIFO,100,1,4,2,17618
FIFO,100,1,15,1,17616
FIFO,100,1,13,1,17616
FIFO,100,4,10,3,17664
LIFO,100,1,1,42,17743
FIFO,100,1,3,0,17766
FIFO,100,1,11,2,17764
FIFO,100,1,10,3,17765
FIFO,100,4,8,3,17687
FIFO,100,4,6,5,17687
FIFO,100,4,5,6,17687
FIFO,100,4,14,2,17685
FIFO,100,4,12,0,17686
FIFO,100,4,7,2,17687
FIFO,100,4,11,0,17686
FIFO,100,4,16,0,17685
FIFO,100,4,3,4,17689
FIFO,100,1,7,4,17767
FIFO,100,1,9,3,17767
FIFO,100,1,8,2,17767
FIFO,100,1,16,4,17765
FIFO,100,1,5,2,17768
LIFO,100,3,2,27,17786
FIFO,100,4,15,1,17819
FIFO,100,4,4,1,17823
FIFO,100,4,13,1,17821
FIFO,100,4,9,1,17821
LIFO,100,1,13,3,17890
LIFO,100,1,5,2,17892
LIFO,100,1,8,4,17891
LIFO,100,1,7,1,17892
LIFO,100,1,6,0,17892
LIFO,100,1,14,2,17890
LIFO,100,1,12,1,17890
LIFO,100,1,4,3,17892
LIFO,100,1,15,1,17890
LIFO,100,1,11,2,17891
LIFO,100,1,3,3,17892
LIFO,100,1,16,3,17890
LIFO,100,1,9,2,17891
FIFO,100,4,1,66,17836
FIFO,100,1,6,1,17915
FIFO,100,1,12,1,17914
FIFO,100,3,2,6,17843
LIFO,100,3,1,41,17936
FIFO,100,3,12,3,17967
FIFO,100,3,7,2,17968
LIFO,100,1,2,27,18042
FIFO,100,3,16,3,17990
FIFO,100,3,9,3,17992
FIFO,100,3,8,2,17992
FIFO,100,3,10,0,17992
FIFO,100,3,6,0,17992
FIFO,100,3,13,0,17991
FIFO,100,4,1,68,18058
FIFO,100,3,4,6,17993
FIFO,100,3,5,2,17993
FIFO,100,3,3,4,17994
LIFO,100,3,12,3,18084
LIFO,100,3,15,2,18084
LIFO,100,3,5,3,18086
LIFO,100,3,7,2,18085
LIFO,100,3,16,4,18084
LIFO,100,3,4,2,18086
LIFO,100,3,13,2,18084
LIFO,100,3,11,2,18084
LIFO,100,3,6,0,18086
LIFO,100,3,9,2,18086
LIFO,100,3,14,0,18085
LIFO,100,3,10,5,18086
LIFO,100,3,8,3,18086
LIFO,100,3,3,2,18087
FIFO,100,3,14,1,18125
FIFO,100,3,11,1,18125
FIFO,100,3,15,1,18124
LIFO,100,5,1,52,18110
FIFO,100,3,1,72,18208
FIFO,100,3,1,66,18142
FIFO,100,4,6,0,18207
FIFO,100,4,11,3,18205
FIFO,100,4,13,0,18205
FIFO,100,4,2,6,18209
FIFO,100,4,7,2,18206
FIFO,100,4,15,3,18204
FIFO,100,4,14,4,18206
FIFO,100,4,12,3,18206
FIFO,100,4,10,0,18205
FIFO,100,3,7,1,18306
FIFO,100,3,4,1,18307
FIFO,100,3,16,1,18310
LIFO,100,5,11,3,18258
LIFO,100,5,2,15,18260
LIFO,100,5,5,1,18259
LIFO,100,5,9,1,18258
LIFO,100,5,13,4,18257
LIFO,100,5,6,1,18259
LIFO,100,5,3,5,18260
LIFO,100,5,12,1,18257
LIFO,100,5,16,3,18256
LIFO,100,5,10,1,18258
LIFO,100,5,7,2,18259
LIFO,100,5,15,3,18257
LIFO,100,5,4,3,18260
LIFO,100,5,8,1,18258
FIFO,100,4,5,1,18355
FIFO,100,4,3,3,18355
FIFO,100,4,4,1,18355
FIFO,100,4,8,2,18354
FIFO,100,4,16,2,18352
FIFO,100,4,9,2,18356
FIFO,100,3,5,2,18457
FIFO,100,3,3,4,18457
FIFO,100,3,6,4,18456
FIFO,100,3,12,2,18460
FIFO,100,3,13,0,18461
FIFO,100,3,10,0,18461
FIFO,100,3,8,0,18462
FIFO,100,3,2,3,18463
FIFO,100,3,14,0,18461
FIFO,100,3,11,8,18461
FIFO,100,3,9,0,18462
FIFO,100,3,15,2,18461
LIFO,100,5,14,4,18407
LIFO,100,1,1,79,18431
LIFO,100,1,16,2,18548
LIFO,100,1,14,2,18549
LIFO,100,1,10,0,18576
LIFO,100,1,3,1,18579
LIFO,100,1,9,0,18577
LIFO,100,1,4,0,18578
LIFO,100,1,13,0,18576
LIFO,100,1,15,0,18576
LIFO,100,1,6,0,18578
LIFO,100,1,5,2,18578
LIFO,100,1,12,0,18576
LIFO,100,1,7,0,18578
LIFO,100,1,8,0,18577
LIFO,100,1,11,0,18577
FIFO,100,2,2,5,18707
FIFO,100,2,5,1,18707
FIFO,100,2,3,1,18707
FIFO,100,2,10,1,18706
FIFO,100,2,6,1,18706
LIFO,100,1,2,14,18697
FIFO,100,2,11,2,18869
FIFO,100,2,14,5,18869
FIFO,100,2,9,2,18870
FIFO,100,2,15,3,18869
FIFO,100,2,4,4,18871
FIFO,100,2,16,3,18869
FIFO,100,2,13,0,18870
FIFO,100,2,12,0,18870
FIFO,100,2,8,0,18871
FIFO,100,2,7,5,18871
PRIO,100,3,1,59,18977
LIFO,100,5,9,1,18967
LIFO,100,5,5,1,18968
LIFO,100,5,12,5,18966
LIFO,100,5,11,3,18966
LIFO,100,5,8,3,18967
LIFO,100,5,1,38,18968
PRIO,100,3,15,0,19060
PRIO,100,3,13,0,19061
PRIO,100,3,14,1,19061
PRIO,100,3,7,0,19062
PRIO,100,3,5,0,19063
PRIO,100,3,8,0,19062
PRIO,100,3,4,1,19063
PRIO,100,3,12,1,19061
PRIO,100,3,3,1,19084
PRIO,100,3,9,0,19083
PRIO,100,3,16,2,19081
PRIO,100,3,11,1,19082
FIFO,100,2,1,67,19004
LIFO,100,3,1,80,19019
LIFO,100,5,6,3,19117
LIFO,100,5,2,26,19118
PRIO,100,3,2,31,19228
PRIO,100,3,6,2,19233
PRIO,100,3,10,1,19233
LIFO,100,3,13,0,19164
LIFO,100,3,8,0,19165
LIFO,100,3,7,0,19165
LIFO,100,3,15,0,19164
LIFO,100,3,14,0,19164
LIFO,100,3,12,0,19164
LIFO,100,3,9,0,19165
LIFO,100,3,6,1,19166
LIFO,100,3,10,0,19166
LIFO,100,3,16,1,19164
LIFO,100,5,15,1,19266
LIFO,100,5,4,5,19268
LIFO,100,5,3,3,19268
LIFO,100,5,7,4,19267
LIFO,100,5,16,3,19265
LIFO,100,5,14,1,19266
LIFO,100,5,13,1,19266
LIFO,100,5,10,2,19266
LIFO,100,3,5,0,19268
LIFO,100,3,3,0,19268
LIFO,100,3,11,1,19268
LIFO,100,3,4,1,19270
FIFO,100,1,2,4,19326
FIFO,100,1,1,67,19334
LIFO,100,4,1,44,19371
LIFO,100,3,2,16,19307
FIFO,100,1,16,1,19333
FIFO,100,1,5,0,19483
FIFO,100,1,14,0,19481
FIFO,100,1,9,0,19483
FIFO,100,1,8,2,19483
FIFO,100,1,11,2,19482
FIFO,100,1,10,2,19483
FIFO,100,1,12,0,19482
FIFO,100,1,4,5,19484
FIFO,100,1,15,3,19482
LIFO,100,4,2,22,19521
FIFO,100,1,13,3,19482
FIFO,100,1,6,6,19486
FIFO,100,1,7,4,19485
FIFO,100,1,3,1,19616
LIFO,100,4,9,0,19675
LIFO,100,4,12,1,19675
LIFO,100,4,10,2,19675
LIFO,100,4,3,5,19676
LIFO,100,4,5,1,19676
LIFO,100,4,14,3,19674
LIFO,100,4,13,3,19675
LIFO,100,4,8,4,19675
LIFO,100,4,6,2,19676
LIFO,100,4,16,4,19673
LIFO,100,4,7,0,19676
LIFO,100,4,11,0,19675
LIFO,100,4,4,4,19676
LIFO,100,4,15,5,19674
FIFO,100,5,2,5,19634
FIFO,100,5,3,2,19787
FIFO,100,5,9,3,19785
FIFO,100,5,4,0,19786
FIFO,100,5,16,3,19784
FIFO,100,5,7,5,19786
FIFO,100,5,13,0,19784
FIFO,100,5,8,2,19785
FIFO,100,5,5,0,19786
FIFO,100,5,6,2,19789
FIFO,100,5,10,4,19788
FIFO,100,5,12,2,19789
FIFO,100,5,15,3,19788
FIFO,100,5,14,2,19788
FIFO,100,5,1,66,19945
FIFO,100,5,11,1,19944
PRIO,100,3,1,80,20126
PRIO,100,3,5,1,20130
PRIO,100,3,3,1,20131
PRIO,100,3,2,16,20132
PRIO,100,3,9,0,20408
PRIO,100,3,8,0,20408
PRIO,100,3,10,0,20407
PRIO,100,3,15,1,20406
PRIO,100,3,4,0,20409
PRIO,100,3,12,0,20407
PRIO,100,3,13,0,20406
PRIO,100,3,6,0,20408
PRIO,100,3,7,0,20408
PRIO,100,3,14,0,20406
PRIO,100,3,11,0,20407
PRIO,100,3,16,1,20406
PRIO,100,4,1,66,20584
PRIO,100,4,6,2,20722
PRIO,100,4,3,2,20733
PRIO,100,4,5,1,20733
PRIO,100,4,7,3,20733
PRIO,100,4,9,0,20733
PRIO,100,4,8,1,20732
PRIO,100,4,10,0,20732
PRIO,100,4,13,2,20732
PRIO,100,4,15,3,20731
PRIO,100,4,11,1,20732
PRIO,100,4,14,1,20731
PRIO,100,4,16,0,20732
PRIO,100,4,12,3,20845
PRIO,100,4,4,4,20846
PRIO,100,4,2,11,20851
LIFO,200,1,13,5,26309
LIFO,200,1,1,47,26312
LIFO,200,1,4,6,26312
LIFO,200,1,10,3,26458
LIFO,200,1,15,5,26458
LIFO,200,1,7,3,26460
LIFO,200,1,6,1,26461
LIFO,200,1,9,4,26460
LIFO,200,1,12,2,26460
LIFO,200,1,3,23,26462
LIFO,200,1,11,3,26460
LIFO,200,1,16,7,26460
LIFO,200,1,14,7,26607
LIFO,200,1,8,5,26609
LIFO,200,1,2,78,26611
LIFO,200,1,5,1,26611
PRIO,200,4,6,10,26943
PRIO,200,4,2,96,26947
PRIO,200,4,9,2,26946
PRIO,200,4,12,5,26946
PRIO,200,4,10,1,27093
PRIO,200,4,8,2,27094
PRIO,200,4,15,3,27093
PRIO,200,4,13,1,27093
PRIO,200,4,16,5,27092
PRIO,200,4,5,3,27096
PRIO,200,4,4,3,27096
PRIO,200,4,11,3,27097
PRIO,200,4,3,25,27097
PRIO,200,4,1,32,27098
PRIO,200,4,14,6,27094
PRIO,200,4,7,3,27244
PRIO,200,5,3,17,27842
PRIO,200,5,2,96,27843
PRIO,200,5,6,6,28000
PRIO,200,5,5,3,28000
PRIO,200,5,4,4,28000
PRIO,200,5,13,6,27998
PRIO,200,5,16,5,27999
PRIO,200,5,11,6,27999
PRIO,200,5,12,1,27999
PRIO,200,5,10,4,28002
PRIO,200,5,7,2,28001
PRIO,200,5,9,3,28140
PRIO,200,5,14,5,28139
PRIO,200,5,15,5,28139
PRIO,200,5,1,31,28143
PRIO,200,5,8,6,28141
LIFO,200,3,2,81,28836
LIFO,200,3,1,49,28986
LIFO,200,3,3,25,28988
PRIO,200,3,2,98,29069
PRIO,200,3,13,3,29182
PRIO,200,3,12,4,29182
PRIO,200,3,15,7,29182
LIFO,200,3,7,5,29168
LIFO,200,3,5,5,29170
LIFO,200,3,4,3,29170
LIFO,200,3,9,2,29169
LIFO,200,3,12,2,29169
LIFO,200,3,15,2,29169
LIFO,200,3,13,2,29169
LIFO,200,3,8,1,29170
LIFO,200,3,14,10,29169
LIFO,200,3,11,2,29170
LIFO,200,4,8,4,29166
LIFO,200,3,16,4,29168
PRIO,200,3,3,21,29218
PRIO,200,3,6,5,29218
LIFO,200,3,10,2,29172
LIFO,200,2,1,48,29237
LIFO,200,3,6,5,29284
PRIO,200,3,16,5,29330
PRIO,200,3,4,1,29334
PRIO,200,3,9,2,29333
PRIO,200,3,8,6,29335
PRIO,200,3,7,4,29335
PRIO,200,3,14,1,29332
PRIO,200,3,11,2,29336
PRIO,200,3,1,31,29362
PRIO,200,3,10,4,29360
PRIO,200,3,5,6,29362
LIFO,200,4,7,3,29317
LIFO,200,4,1,45,29320
LIFO,200,2,3,25,29363
LIFO,200,2,14,1,29360
LIFO,200,2,8,9,29361
LIFO,200,2,12,5,29361
LIFO,200,2,10,3,29361
LIFO,200,2,7,1,29363
LIFO,200,2,9,5,29362
LIFO,200,2,2,77,29364
LIFO,200,2,11,2,29361
LIFO,200,2,4,2,29363
LIFO,200,2,13,6,29361
LIFO,200,2,5,4,29363
PRIO,200,1,2,86,29521
PRIO,200,1,8,3,29520
PRIO,200,1,12,2,29521
PRIO,200,1,4,1,29521
PRIO,200,1,1,35,29524
PRIO,200,1,3,21,29521
PRIO,200,1,15,2,29519
LIFO,200,4,10,3,29466
LIFO,200,4,16,4,29464
LIFO,200,4,5,9,29467
LIFO,200,4,3,21,29468
LIFO,200,4,12,9,29466
PRIO,200,1,6,4,29527
PRIO,200,1,13,3,29525
LIFO,200,4,13,8,29465
LIFO,200,4,6,7,29467
PRIO,200,1,10,7,29526
LIFO,200,4,2,75,29469
LIFO,200,4,14,4,29464
LIFO,200,4,4,2,29468
LIFO,200,4,11,3,29466
LIFO,200,4,15,1,29464
LIFO,200,2,15,2,29503
LIFO,200,2,6,5,29506
LIFO,200,2,16,5,29503
PRIO,200,1,5,8,29671
PRIO,200,1,11,3,29670
PRIO,200,1,14,6,29670
PRIO,200,1,7,7,29674
LIFO,200,4,9,2,29614
PRIO,200,1,9,3,29819
PRIO,200,1,16,9,29819
FIFO,200,1,1,148,30854
FIFO,200,1,13,2,30967
FIFO,200,1,9,4,30969
FIFO,200,1,12,3,30969
FIFO,200,1,8,1,30971
FIFO,200,1,6,1,31120
FIFO,200,1,10,3,31120
FIFO,200,1,3,0,31122
FIFO,200,1,4,2,31122
FIFO,200,1,7,2,31121
FIFO,200,1,5,4,31121
FIFO,200,1,11,6,31120
FIFO,200,1,16,7,31119
FIFO,200,1,14,1,31119
FIFO,200,1,15,11,31119
FIFO,200,1,2,5,31122
PRIO,200,2,3,24,31211
PRIO,200,2,6,6,31211
PRIO,200,2,5,3,31211
PRIO,200,2,8,3,31211
PRIO,200,2,11,1,31212
PRIO,200,2,4,2,31213
PRIO,200,2,15,7,31212
PRIO,200,2,14,4,31212
PRIO,200,2,2,98,31214
PRIO,200,2,12,0,31213
PRIO,200,2,10,0,31214
PRIO,200,2,16,0,31213
PRIO,200,2,13,4,31213
PRIO,200,2,7,4,31363
PRIO,200,2,1,37,31401
PRIO,200,2,9,7,31502
LIFO,200,5,12,4,31714
LIFO,200,5,13,5,31713
LIFO,200,5,4,3,31716
LIFO,200,5,5,2,31716
LIFO,200,5,15,5,31714
LIFO,200,5,7,5,31716
LIFO,200,5,9,5,31715
LIFO,200,5,10,2,31715
LIFO,200,5,2,21,31716
LIFO,200,5,1,71,31874
LIFO,200,5,6,3,32006
LIFO,200,5,1,111,31870
LIFO,200,5,16,0,32048
LIFO,200,5,13,0,32049
LIFO,200,5,11,0,32049
LIFO,200,5,5,1,32052
LIFO,200,5,10,0,32051
LIFO,200,5,8,0,32051
LIFO,200,5,4,0,32053
LIFO,200,5,12,2,32050
LIFO,200,5,7,0,32051
LIFO,200,5,15,0,32050
LIFO,200,5,9,0,32120
LIFO,200,5,14,1,32147
LIFO,200,5,16,6,32012
LIFO,200,5,3,9,32016
LIFO,200,5,11,3,32014
LIFO,200,5,6,11,32015
LIFO,200,5,14,3,32013
LIFO,200,5,8,5,32014
LIFO,200,5,2,98,32157
LIFO,200,5,3,24,32159
FIFO,200,3,3,2,32191
FIFO,200,3,1,143,32206
FIFO,200,3,2,8,32207
FIFO,200,3,7,2,32336
FIFO,200,3,8,1,32336
FIFO,200,3,9,2,32337
FIFO,200,3,16,4,32335
FIFO,200,3,6,5,32339
FIFO,200,3,4,3,32339
FIFO,200,3,11,9,32337
FIFO,200,3,14,2,32338
FIFO,200,3,5,3,32340
FIFO,200,3,10,4,32340
FIFO,200,3,13,3,32339
FIFO,200,5,2,5,32380
FIFO,200,3,12,2,32487
FIFO,200,3,15,7,32495
FIFO,200,5,1,162,32528
FIFO,200,5,4,1,32528
FIFO,200,5,7,1,32527
FIFO,200,5,10,0,32528
FIFO,200,5,8,1,32528
FIFO,200,5,12,4,32528
FIFO,200,5,14,5,32526
FIFO,200,5,9,1,32527
FIFO,200,5,6,4,32528
FIFO,200,5,11,1,32527
FIFO,200,5,13,5,32627
FIFO,200,5,16,2,32631
FIFO,200,5,3,5,32639
FIFO,200,5,5,2,32640
FIFO,200,5,15,1,32676
FIFO,200,4,1,165,33706
PRIO,200,2,1,124,33608
PRIO,200,2,2,23,33698
PRIO,200,2,11,5,33697
FIFO,200,4,12,3,33850
FIFO,200,4,4,1,33853
FIFO,200,4,2,2,33854
FIFO,200,4,6,7,33852
FIFO,200,4,11,1,33851
FIFO,200,4,13,2,33852
FIFO,200,4,9,2,33853
FIFO,200,4,15,2,33850
FIFO,200,4,7,1,33853
FIFO,200,4,14,2,33850
PRIO,200,2,7,4,33864
PRIO,200,2,16,4,33862
PRIO,200,2,13,2,33863
PRIO,200,2,15,2,33863
PRIO,200,2,5,4,33865
PRIO,200,2,4,3,33874
PRIO,200,2,8,3,33873
PRIO,200,2,6,5,33874
PRIO,200,2,12,4,33873
FIFO,200,4,5,1,33988
FIFO,200,4,10,4,33987
FIFO,200,4,3,2,33989
FIFO,200,4,16,3,33987
PRIO,200,2,14,4,33886
PRIO,200,2,10,7,33887
PRIO,200,2,9,2,33888
PRIO,200,3,8,1,33885
FIFO,200,2,3,1,34013
PRIO,200,3,13,5,33886
FIFO,200,2,16,7,34008
FIFO,200,2,1,159,34012
PRIO,200,3,10,4,33884
PRIO,200,3,14,6,33883
PRIO,200,3,2,22,33885
FIFO,200,4,8,2,34001
PRIO,200,2,3,4,33889
PRIO,200,3,5,1,33888
PRIO,200,3,7,3,33889
PRIO,200,3,6,4,33887
PRIO,200,3,15,6,33887
PRIO,200,3,11,0,33888
PRIO,200,3,3,10,33889
PRIO,200,3,12,7,33888
FIFO,200,2,2,4,34158
FIFO,200,2,13,0,34156
FIFO,200,2,15,0,34155
FIFO,200,2,8,0,34158
FIFO,200,2,9,1,34158
FIFO,200,2,7,2,34158
FIFO,200,2,6,0,34158
PRIO,200,5,2,53,34096
PRIO,200,3,1,114,34054
FIFO,200,2,11,4,34178
FIFO,200,2,5,7,34180
PRIO,200,5,1,120,34141
PRIO,200,5,11,2,34139
PRIO,200,5,15,1,34139
PRIO,200,5,14,1,34140
FIFO,200,2,4,5,34303
FIFO,200,2,12,4,34302
FIFO,200,2,14,3,34303
FIFO,200,2,10,3,34308
PRIO,200,3,16,4,34182
PRIO,200,3,4,10,34184
PRIO,200,3,9,3,34183
PRIO,200,5,3,5,34247
PRIO,200,5,6,1,34246
PRIO,200,5,12,3,34245
PRIO,200,5,5,4,34247
PRIO,200,5,13,1,34437
PRIO,200,5,7,2,34438
PRIO,200,5,10,1,34437
PRIO,200,5,16,2,34437
PRIO,200,5,9,2,34438
PRIO,200,5,4,2,34440
PRIO,200,5,8,0,34439
FIFO,200,4,1,138,35399
FIFO,200,4,12,2,35477
FIFO,200,4,16,4,35510
LIFO,200,2,1,101,35571
FIFO,200,4,13,10,35530
FIFO,200,4,9,3,35531
FIFO,200,4,14,8,35537
FIFO,200,4,5,3,35543
FIFO,200,4,2,5,35549
FIFO,200,4,11,5,35555
FIFO,200,4,7,0,35557
FIFO,200,4,6,5,35557
FIFO,200,4,4,3,35558
FIFO,200,4,8,3,35557
FIFO,200,4,3,6,35559
FIFO,200,4,10,0,35557
FIFO,200,4,15,5,35556
LIFO,200,2,16,6,35703
LIFO,200,2,7,2,35705
LIFO,200,2,11,0,35704
LIFO,200,2,8,1,35705
LIFO,200,2,6,6,35705
LIFO,200,2,5,1,35706
LIFO,200,2,13,1,35703
LIFO,200,2,3,6,35723
LIFO,200,2,10,6,35721
LIFO,200,2,4,2,35723
LIFO,200,2,15,2,35720
LIFO,200,2,14,5,35720
FIFO,200,2,2,5,35787
FIFO,200,2,11,1,35816
FIFO,200,5,2,5,35826
LIFO,200,2,2,51,35834
LIFO,200,2,12,7,35832
LIFO,200,2,9,3,35845
FIFO,200,1,2,3,35894
FIFO,200,2,1,142,35894
FIFO,200,2,15,3,35913
FIFO,200,2,16,3,35928
FIFO,200,2,6,0,35931
FIFO,200,2,3,8,35932
FIFO,200,2,10,6,35931
FIFO,200,2,13,2,35931
FIFO,200,2,14,3,35931
FIFO,200,2,9,3,35933
FIFO,200,2,8,3,35933
FIFO,200,2,4,5,35934
FIFO,200,2,5,6,35935
FIFO,200,2,7,4,35935
FIFO,200,2,12,6,35935
FIFO,200,5,10,3,35968
FIFO,200,5,11,3,35968
FIFO,200,5,13,4,35968
FIFO,200,5,8,5,35989
FIFO,200,5,15,4,35987
FIFO,200,5,14,4,35988
FIFO,200,5,9,4,35989
FIFO,200,5,3,7,35992
FIFO,200,5,12,0,35991
FIFO,200,5,16,5,35990
FIFO,200,5,5,6,35992
FIFO,200,5,4,3,35993
FIFO,200,1,15,6,36027
FIFO,200,1,8,5,36028
FIFO,200,1,9,5,36030
FIFO,200,1,3,8,36045
FIFO,200,5,6,3,36032
FIFO,200,1,5,3,36046
FIFO,200,1,7,2,36047
FIFO,200,1,6,2,36046
FIFO,200,1,10,7,36045
FIFO,200,1,14,5,36045
FIFO,200,1,11,2,36046
FIFO,200,2,1,138,35997
FIFO,200,1,16,6,36070
FIFO,200,5,1,143,36059
FIFO,200,1,1,141,36074
FIFO,200,2,5,1,36034
FIFO,200,2,14,1,36035
FIFO,200,5,7,1,36116
FIFO,200,2,16,1,36093
FIFO,200,1,13,3,36188
FIFO,200,1,12,1,36191
FIFO,200,1,4,1,36193
FIFO,200,2,15,2,36198
FIFO,200,2,9,2,36199
FIFO,200,2,12,6,36198
FIFO,200,2,8,3,36235
PRIO,200,3,1,116,36343
PRIO,200,3,3,7,36343
FIFO,200,2,2,6,36261
FIFO,200,2,4,11,36260
FIFO,200,2,3,5,36261
PRIO,200,3,8,4,36343
PRIO,200,3,15,2,36342
FIFO,200,2,6,3,36261
FIFO,200,2,10,8,36259
FIFO,200,2,11,8,36259
FIFO,200,3,1,138,36272
FIFO,200,3,9,2,36271
FIFO,200,2,13,5,36274
FIFO,200,2,7,0,36275
LIFO,200,4,1,128,36272
LIFO,200,3,1,98,36345
FIFO,200,3,14,1,36354
FIFO,200,3,11,1,36363
FIFO,200,3,8,1,36382
PRIO,200,3,11,3,36485
PRIO,200,3,2,54,36493
LIFO,200,4,2,25,36385
LIFO,200,3,16,6,36457
LIFO,200,3,14,2,36457
LIFO,200,3,12,0,36459
LIFO,200,3,6,4,36460
LIFO,200,3,9,3,36460
LIFO,200,3,15,3,36459
LIFO,200,3,8,1,36460
LIFO,200,3,13,1,36459
LIFO,200,3,3,9,36462
LIFO,200,3,11,2,36460
LIFO,200,3,4,3,36461
LIFO,200,3,7,3,36460
PRIO,200,3,9,0,36505
LIFO,200,4,7,3,36395
LIFO,200,4,11,3,36394
PRIO,200,3,4,1,36507
PRIO,200,3,13,1,36508
PRIO,200,3,10,1,36507
PRIO,200,3,6,1,36508
PRIO,200,3,12,3,36507
PRIO,200,3,7,4,36508
PRIO,200,3,16,2,36505
PRIO,200,3,5,0,36507
PRIO,200,3,14,1,36558
FIFO,200,3,7,3,36506
FIFO,200,3,13,6,36507
FIFO,200,3,4,2,36510
FIFO,200,3,15,4,36526
FIFO,200,3,6,8,36528
FIFO,200,3,12,4,36527
FIFO,200,3,2,7,36531
FIFO,200,3,10,4,36529
FIFO,200,3,5,8,36531
FIFO,200,3,3,2,36531
FIFO,200,3,16,9,36531
LIFO,200,4,9,5,36545
LIFO,200,4,5,1,36548
LIFO,200,4,15,3,36545
LIFO,200,3,10,2,36617
LIFO,200,4,3,6,36549
LIFO,200,4,6,5,36547
LIFO,200,4,13,5,36546
LIFO,200,4,12,3,36547
LIFO,200,4,4,3,36549
LIFO,200,3,5,4,36619
LIFO,200,4,8,3,36548
LIFO,200,4,14,0,36546
LIFO,200,4,16,4,36545
LIFO,200,4,10,3,36546
LIFO,200,3,2,59,36645
LIFO,200,1,2,51,36777
FIFO,200,3,2,3,36789
FIFO,200,3,1,140,36789
FIFO,200,4,2,8,36787
FIFO,200,4,15,1,36785
PRIO,200,5,2,23,36756
PRIO,200,5,5,4,36756
PRIO,200,5,11,5,36755
PRIO,200,5,7,6,36756
PRIO,200,5,4,4,36756
PRIO,200,5,12,4,36754
PRIO,200,5,9,6,36755
FIFO,200,3,8,11,36814
LIFO,200,1,1,111,36893
FIFO,200,3,15,1,36921
FIFO,200,3,9,3,36922
FIFO,200,4,10,7,36920
FIFO,200,4,9,5,36921
FIFO,200,4,16,6,36932
FIFO,200,3,4,2,36940
FIFO,200,3,10,0,36939
FIFO,200,4,12,0,36935
LIFO,200,1,4,4,36928
FIFO,200,4,5,3,36938
FIFO,200,3,7,6,36939
FIFO,200,3,14,0,36939
FIFO,200,4,7,3,36937
FIFO,200,4,8,3,36937
LIFO,200,1,8,0,36928
FIFO,200,3,12,2,36940
FIFO,200,3,13,6,36939
FIFO,200,3,3,7,36941
FIFO,200,3,11,3,36939
FIFO,200,3,6,8,36939
FIFO,200,4,13,5,36935
FIFO,200,4,6,4,36938
FIFO,200,4,4,4,36938
PRIO,200,5,6,7,36898
PRIO,200,5,8,10,36898
PRIO,200,5,1,104,36900
FIFO,200,4,1,141,36963
FIFO,200,4,3,8,36964
LIFO,200,1,9,3,36989
LIFO,200,1,7,3,36991
LIFO,200,1,16,6,36989
PRIO,200,1,2,23,36994
PRIO,200,1,4,7,36994
PRIO,200,1,14,5,36993
PRIO,200,1,11,5,36994
PRIO,200,1,8,4,36994
PRIO,200,1,13,2,36993
FIFO,200,4,11,1,37083
FIFO,200,4,14,1,37083
FIFO,200,3,16,2,37086
FIFO,200,3,5,6,37087
PRIO,200,5,16,5,37053
PRIO,200,5,14,8,37055
PRIO,200,5,3,6,37055
PRIO,200,5,15,2,37053
PRIO,200,5,13,5,37054
PRIO,200,5,10,1,37054
PRIO,200,1,5,8,37143
PRIO,200,1,15,7,37141
PRIO,200,1,3,8,37143
LIFO,200,1,11,2,37220
LIFO,200,1,13,1,37220
LIFO,200,1,5,2,37222
LIFO,200,1,3,4,37223
LIFO,200,1,10,3,37223
LIFO,200,1,15,6,37222
LIFO,200,1,6,3,37225
LIFO,200,1,14,1,37222
LIFO,200,1,12,0,37224
PRIO,200,1,7,1,37292
PRIO,200,1,6,2,37294
PRIO,200,1,1,103,37295
PRIO,200,1,10,4,37292
PRIO,200,1,9,6,37292
PRIO,200,1,12,4,37292
PRIO,200,1,16,11,37292
PRIO,200,1,2,58,37422
PRIO,200,1,1,137,37470
PRIO,200,1,12,0,37710
PRIO,200,1,16,1,37711
PRIO,200,1,3,4,37713
PRIO,200,1,5,0,37716
PRIO,200,1,9,0,37716
PRIO,200,1,11,0,37717
PRIO,200,1,8,0,37717
PRIO,200,1,15,0,37717
PRIO,200,1,4,0,37719
PRIO,200,1,6,0,37718
PRIO,200,1,10,0,37718
PRIO,200,1,13,0,37717
PRIO,200,1,7,0,37718
PRIO,200,1,14,0,37767
FIFO,200,5,1,138,37791
FIFO,200,5,12,8,37790
FIFO,200,5,9,1,37849
PRIO,200,4,2,26,37936
FIFO,200,5,8,3,38007
FIFO,200,5,6,3,38009
FIFO,200,5,16,7,38020
FIFO,200,5,11,0,38022
FIFO,200,5,10,3,38024
FIFO,200,5,4,4,38024
FIFO,200,5,15,4,38021
FIFO,200,5,7,3,38025
FIFO,200,5,14,9,38024
FIFO,200,5,5,2,38028
LIFO,200,2,1,147,38050
FIFO,200,5,2,3,38058
FIFO,200,5,3,5,38064
FIFO,200,1,1,138,38080
FIFO,200,1,7,3,38079
PRIO,200,4,7,4,38089
FIFO,200,5,13,7,38064
FIFO,200,1,3,9,38081
PRIO,200,4,8,4,38089
PRIO,200,4,1,128,38182
PRIO,200,4,9,3,38181
PRIO,200,4,13,3,38181
PRIO,200,4,10,1,38180
LIFO,200,2,2,26,38153
PRIO,200,4,14,1,38180
PRIO,200,4,16,5,38179
PRIO,200,4,15,2,38180
PRIO,200,4,5,5,38182
PRIO,200,4,6,1,38183
PRIO,200,4,11,2,38181
PRIO,200,4,3,7,38182
PRIO,200,4,4,4,38182
PRIO,200,4,12,4,38181
FIFO,200,1,6,1,38222
FIFO,200,1,9,2,38303
FIFO,200,1,11,3,38314
FIFO,200,1,8,6,38337
LIFO,200,2,10,4,38315
FIFO,200,1,12,3,38362
FIFO,200,1,10,4,38364
FIFO,200,1,15,3,38363
FIFO,200,1,5,2,38364
FIFO,200,1,2,6,38371
FIFO,200,1,14,3,38374
FIFO,200,1,4,7,38378
FIFO,200,1,13,2,38377
FIFO,200,1,16,8,38377
LIFO,200,2,15,3,38358
LIFO,200,2,7,2,38451
LIFO,200,2,3,2,38451
LIFO,200,2,12,2,38450
LIFO,200,2,13,0,38450
LIFO,200,2,5,2,38452
LIFO,200,2,11,4,38451
LIFO,200,2,14,0,38450
LIFO,200,2,4,3,38452
LIFO,200,2,9,2,38451
LIFO,200,2,16,1,38450
LIFO,200,2,6,0,38452
LIFO,200,2,8,2,38451
PRIO,200,4,1,125,38908
PRIO,200,4,15,1,38938
PRIO,200,4,3,10,38941
PRIO,200,4,6,0,38940
PRIO,200,4,11,1,38954
PRIO,200,4,13,1,38954
PRIO,200,4,10,0,38955
PRIO,200,4,14,0,38954
PRIO,200,4,12,1,38955
PRIO,200,4,16,4,38954
PRIO,200,4,8,0,38956
PRIO,200,4,9,0,38957
PRIO,200,4,7,0,38958
PRIO,200,4,2,54,39091
PRIO,200,4,5,1,39151
PRIO,200,4,4,2,39151
LIFO,200,3,2,28,39121
LIFO,200,3,11,0,39152
LIFO,200,3,3,3,39154
LIFO,200,3,13,0,39152
LIFO,200,3,15,0,39154
LIFO,200,3,5,0,39157
LIFO,200,3,7,0,39156
LIFO,200,3,6,1,39156
LIFO,200,3,4,3,39158
LIFO,200,3,12,1,39156
LIFO,200,3,16,0,39155
LIFO,200,3,14,2,39155
LIFO,200,3,8,0,39157
LIFO,200,3,10,2,39157
LIFO,200,3,9,2,39158
LIFO,200,3,1,158,39271
PRIO,200,2,1,102,39383
PRIO,200,2,3,8,39506
PRIO,200,2,10,3,39651
PRIO,200,2,12,6,39650
PRIO,200,2,4,9,39653
PRIO,200,2,13,2,39650
PRIO,200,2,9,1,39651
PRIO,200,2,15,4,39650
PRIO,200,2,16,2,39649
PRIO,200,2,7,3,39652
PRIO,200,2,11,4,39650
PRIO,200,2,8,7,39651
PRIO,200,2,14,2,39650
PRIO,200,2,5,2,39652
PRIO,200,2,6,3,39652
PRIO,200,2,2,42,39654
LIFO,200,5,2,56,39917
LIFO,200,5,1,123,39947
LIFO,200,5,12,1,40054
LIFO,200,5,4,0,40057
LIFO,200,5,8,0,40056
LIFO,200,5,6,0,40056
LIFO,200,5,7,0,40055
LIFO,200,5,13,0,40055
LIFO,200,5,14,1,40054
LIFO,200,5,11,0,40055
LIFO,200,5,15,2,40056
LIFO,200,5,9,1,40057
LIFO,200,5,3,8,40088
LIFO,200,5,5,1,40228
LIFO,200,5,10,3,40227
LIFO,200,5,16,4,40227
LIFO,200,1,2,29,40435
LIFO,200,1,13,1,40555
LIFO,200,1,5,0,40661
LIFO,200,1,4,0,40662
LIFO,200,1,16,0,40660
LIFO,200,1,11,0,40661
LIFO,200,1,7,0,40662
LIFO,200,1,6,0,40662
LIFO,200,1,12,0,40662
LIFO,200,1,3,1,40662
LIFO,200,1,14,0,40662
LIFO,200,1,15,0,40663
LIFO,200,1,9,0,40663
LIFO,200,1,10,0,40663
LIFO,200,1,8,0,40663
LIFO,200,1,1,169,40690
LIFO,200,4,8,0,41132
LIFO,200,4,1,119,41133
LIFO,200,4,13,1,41132
LIFO,200,4,10,0,41132
LIFO,200,4,15,0,41131
LIFO,200,4,5,1,41133
LIFO,200,4,11,0,41133
LIFO,200,4,12,0,41133
LIFO,200,4,9,0,41134
LIFO,200,4,16,5,41313
LIFO,200,4,4,7,41316
LIFO,200,4,6,2,41316
LIFO,200,4,7,1,41316
LIFO,200,4,3,9,41374
LIFO,200,4,2,54,41411
LIFO,200,4,14,1,41431
PRIO,400,5,12,16,50399
PRIO,400,5,2,162,50401
PRIO,400,5,10,12,50539
PRIO,400,5,9,8,50539
PRIO,400,5,15,29,50538
PRIO,400,5,4,12,50539
PRIO,400,5,3,11,50541
PRIO,400,5,14,11,50539
PRIO,400,5,11,7,50540
PRIO,400,5,7,8,50540
PRIO,400,5,5,14,50540
PRIO,400,5,13,5,50539
PRIO,400,5,1,86,50541
PRIO,400,5,16,5,50539
PRIO,400,5,6,11,50540
PRIO,400,5,8,3,50540
LIFO,400,4,3,55,53512
LIFO,400,4,4,14,53642
LIFO,400,4,16,14,53643
LIFO,400,4,2,133,53662
LIFO,400,4,15,6,53789
LIFO,400,4,6,6,53791
LIFO,400,4,8,6,53792
LIFO,400,4,13,7,53793
LIFO,400,4,1,93,53796
LIFO,400,4,5,7,53795
LIFO,400,4,12,10,53793
LIFO,400,4,14,9,53792
LIFO,400,4,9,11,53795
LIFO,400,4,11,10,53794
LIFO,400,4,10,12,53794
LIFO,400,4,7,7,53795
LIFO,400,5,6,11,54086
LIFO,400,5,16,11,54232
LIFO,400,5,4,13,54235
LIFO,400,5,1,96,54237
LIFO,400,5,2,140,54271
LIFO,400,5,14,4,54383
LIFO,400,5,13,4,54384
LIFO,400,5,15,7,54382
LIFO,400,5,11,14,54384
LIFO,400,5,8,4,54386
LIFO,400,5,7,9,54386
LIFO,400,5,5,5,54386
LIFO,400,5,3,62,54387
LIFO,400,5,12,7,54385
LIFO,400,5,10,5,54384
LIFO,400,5,9,8,54385
PRIO,400,4,11,3,56283
PRIO,400,4,14,10,56283
PRIO,400,4,13,10,56283
PRIO,400,4,15,8,56283
PRIO,400,4,16,9,56283
PRIO,400,4,5,13,56284
PRIO,400,4,3,47,56284
PRIO,400,4,6,5,56284
PRIO,400,4,10,1,56283
PRIO,400,4,4,4,56284
PRIO,400,4,12,13,56283
PRIO,400,4,9,11,56283
PRIO,400,4,8,6,56284
PRIO,400,4,1,99,56285
PRIO,400,4,7,4,56284
PRIO,400,4,2,157,56300
LIFO,400,3,2,196,56727
LIFO,400,3,5,9,56871
LIFO,400,3,15,13,56870
LIFO,400,3,1,89,56874
LIFO,400,3,14,13,57020
LIFO,400,3,12,3,57020
LIFO,400,3,8,8,57022
LIFO,400,3,10,14,57021
LIFO,400,3,16,7,57020
LIFO,400,3,3,13,57023
LIFO,400,3,11,8,57020
LIFO,400,3,4,6,57023
LIFO,400,3,9,9,57022
LIFO,400,3,6,2,57022
LIFO,400,3,7,7,57022
LIFO,400,3,13,3,57021
LIFO,400,1,6,6,57292
LIFO,400,1,4,11,57293
LIFO,400,1,14,11,57290
LIFO,400,1,5,9,57293
LIFO,400,1,11,9,57440
LIFO,400,1,16,16,57439
LIFO,400,1,12,9,57441
LIFO,400,1,3,52,57592
LIFO,400,1,2,133,57593
LIFO,400,1,7,13,57591
LIFO,400,1,9,10,57591
LIFO,400,1,1,90,57594
LIFO,400,1,15,6,57589
LIFO,400,1,13,5,57590
LIFO,400,1,10,13,57590
LIFO,400,1,8,7,57591
LIFO,400,2,3,60,59211
LIFO,400,2,9,2,59385
LIFO,400,2,5,16,59386
LIFO,400,2,8,5,59385
LIFO,400,2,10,2,59385
LIFO,400,2,7,1,59386
LIFO,400,2,12,4,59384
LIFO,400,2,4,0,59387
LIFO,400,2,2,168,59388
LIFO,400,2,16,5,59384
LIFO,400,2,13,7,59386
LIFO,400,2,14,3,59387
LIFO,400,2,1,116,59426
LIFO,400,2,15,2,59473
LIFO,400,2,11,3,59479
LIFO,400,2,6,6,59480
PRIO,400,2,10,3,60138
PRIO,400,2,16,34,60138
PRIO,400,2,15,10,60138
PRIO,400,2,4,7,60141
PRIO,400,2,6,12,60141
PRIO,400,2,14,4,60139
PRIO,400,2,9,9,60140
PRIO,400,2,12,6,60139
PRIO,400,2,8,10,60140
PRIO,400,2,5,9,60141
PRIO,400,2,11,6,60140
PRIO,400,2,13,6,60139
PRIO,400,2,1,98,60151
PRIO,400,2,7,17,60289
PRIO,400,2,2,156,60290
PRIO,400,2,3,13,60292
FIFO,400,2,16,4,62702
FIFO,400,2,11,4,62703
FIFO,400,2,14,2,62704
FIFO,400,2,12,2,62704
FIFO,400,2,3,6,62705
FIFO,400,2,10,3,62704
FIFO,400,2,8,9,62703
FIFO,400,2,4,8,62704
FIFO,400,2,7,6,62704
FIFO,400,2,6,9,62704
FIFO,400,2,5,1,62705
FIFO,400,2,2,5,62705
FIFO,400,2,13,2,62704
FIFO,400,2,9,7,62704
FIFO,400,2,15,4,62842
FIFO,400,2,1,328,62855
PRIO,400,1,2,206,62904
PRIO,400,1,11,4,62958
PRIO,400,1,10,2,62961
PRIO,400,1,12,1,63026
PRIO,400,1,4,2,63028
PRIO,400,1,16,35,63093
PRIO,400,1,8,0,63096
PRIO,400,1,9,0,63113
PRIO,400,1,13,4,63114
PRIO,400,1,15,0,63113
PRIO,400,1,7,2,63117
PRIO,400,1,14,0,63115
PRIO,400,1,6,1,63117
PRIO,400,1,5,2,63120
FIFO,400,4,13,4,63131
FIFO,400,4,12,2,63131
FIFO,400,4,6,4,63132
FIFO,400,4,3,15,63132
FIFO,400,4,16,2,63131
FIFO,400,4,4,8,63132
FIFO,400,4,14,1,63131
FIFO,400,4,10,3,63131
FIFO,400,4,8,3,63131
FIFO,400,4,9,9,63131
FIFO,400,4,2,6,63132
FIFO,400,4,11,1,63131
FIFO,400,4,5,6,63132
FIFO,400,4,15,5,63131
FIFO,400,4,7,5,63133
FIFO,400,3,2,10,63154
FIFO,400,3,1,310,63154
PRIO,400,1,3,7,63179
PRIO,400,1,1,134,63180
PRIO,400,3,2,198,63196
PRIO,400,3,9,6,63256
PRIO,400,3,7,4,63267
PRIO,400,3,16,39,63266
PRIO,400,3,3,12,63298
FIFO,400,4,1,326,63295
FIFO,400,3,16,8,63301
FIFO,400,3,14,5,63302
FIFO,400,3,12,5,63302
FIFO,400,3,6,2,63303
PRIO,400,3,6,2,63319
FIFO,400,3,9,5,63303
FIFO,400,3,4,7,63304
FIFO,400,3,15,2,63302
FIFO,400,3,8,5,63303
PRIO,400,3,5,1,63319
FIFO,400,3,11,13,63303
FIFO,400,3,3,2,63304
FIFO,400,3,5,9,63303
FIFO,400,3,10,9,63304
PRIO,400,3,10,2,63393
PRIO,400,3,13,4,63407
PRIO,400,3,15,5,63408
PRIO,400,3,8,0,63409
PRIO,400,3,4,3,63411
PRIO,400,3,1,120,63420
PRIO,400,3,12,4,63447
PRIO,400,3,11,0,63448
PRIO,400,3,14,0,63448
FIFO,400,3,7,3,63453
FIFO,400,3,13,5,63452
FIFO,400,5,3,3,63833
FIFO,400,5,5,0,63833
FIFO,400,5,10,7,63832
FIFO,400,5,2,8,63833
FIFO,400,5,14,2,63979
FIFO,400,5,4,5,63982
FIFO,400,5,1,328,63982
FIFO,400,5,16,4,63980
FIFO,400,5,15,9,63981
FIFO,400,5,9,4,64130
FIFO,400,5,11,6,64131
FIFO,400,5,12,6,64130
FIFO,400,5,8,8,64132
FIFO,400,5,13,7,64130
FIFO,400,5,6,3,64131
FIFO,400,5,7,0,64131
FIFO,400,1,1,332,64292
FIFO,400,1,3,4,64374
FIFO,400,1,8,6,64374
FIFO,400,1,4,9,64375
FIFO,400,1,12,2,64377
FIFO,400,1,14,4,64384
FIFO,400,1,5,5,64386
FIFO,400,1,6,3,64386
FIFO,400,1,2,5,64526
FIFO,400,1,7,6,64535
FIFO,400,1,11,5,64535
FIFO,400,1,9,4,64536
FIFO,400,1,10,6,64535
FIFO,400,1,13,3,64536
FIFO,400,1,15,2,64535
FIFO,400,1,16,4,64535
PRIO,400,5,1,214,66521
PRIO,400,5,13,11,66519
PRIO,400,5,14,4,66519
PRIO,400,5,5,10,66520
PRIO,400,5,10,6,66519
PRIO,400,5,7,21,66519
PRIO,400,5,12,7,66518
PRIO,400,5,15,11,66518
PRIO,400,5,11,8,66520
PRIO,400,5,8,6,66520
PRIO,400,5,9,14,66520
PRIO,400,5,6,9,66521
PRIO,400,5,16,8,66519
PRIO,400,5,4,12,66521
FIFO,400,5,3,6,66543
FIFO,400,5,2,11,66544
FIFO,400,5,9,4,66547
FIFO,400,5,7,9,66547
FIFO,400,5,6,11,66548
FIFO,400,2,1,294,66676
PRIO,400,5,3,17,66670
FIFO,400,5,1,273,66693
FIFO,400,5,16,8,66690
FIFO,400,5,4,10,66694
FIFO,400,5,12,11,66692
FIFO,400,5,11,16,66693
FIFO,400,5,15,7,66693
FIFO,400,5,14,7,66695
FIFO,400,5,10,5,66696
FIFO,400,5,8,3,66697
FIFO,400,5,5,4,66698
FIFO,400,5,13,15,66697
FIFO,400,2,3,15,66716
FIFO,400,2,2,7,66716
FIFO,400,2,12,3,66823
FIFO,400,2,9,2,66825
FIFO,400,2,6,12,66826
FIFO,400,2,7,4,66825
FIFO,400,2,8,5,66825
FIFO,400,2,13,10,66824
FIFO,400,2,3,8,66827
FIFO,400,2,2,9,66826
FIFO,400,2,15,6,66824
FIFO,400,2,5,3,66826
FIFO,400,2,10,12,66825
FIFO,400,2,11,8,66825
FIFO,400,2,4,6,66826
FIFO,400,2,14,10,66824
FIFO,400,2,16,8,66842
PRIO,400,5,2,42,66821
FIFO,400,2,4,3,66864
FIFO,400,2,6,1,66865
FIFO,400,2,5,8,66865
FIFO,400,2,16,12,66863
FIFO,400,2,10,7,66865
FIFO,400,2,9,7,66865
FIFO,400,2,12,4,66864
FIFO,400,2,15,7,66864
FIFO,400,2,11,16,66958
FIFO,400,2,14,11,66963
FIFO,400,2,8,12,67013
FIFO,400,2,13,9,67013
FIFO,400,2,1,273,67015
FIFO,400,2,7,8,67014
FIFO,400,3,5,13,67462
FIFO,400,3,2,16,67609
FIFO,400,3,1,294,67612
FIFO,400,3,14,11,67608
FIFO,400,3,7,4,67760
FIFO,400,3,8,6,67760
FIFO,400,3,13,11,67759
FIFO,400,3,4,11,67761
FIFO,400,3,10,5,67759
FIFO,400,3,6,5,67762
FIFO,400,3,16,4,67758
FIFO,400,3,12,9,67760
FIFO,400,3,3,2,67762
FIFO,400,3,9,3,67761
FIFO,400,3,11,1,67760
FIFO,400,3,15,5,67759
FIFO,400,1,3,8,67719
FIFO,400,1,2,13,67720
FIFO,400,1,1,274,67791
FIFO,400,1,14,6,67828
FIFO,400,1,12,5,67865
FIFO,400,1,13,2,67864
FIFO,400,1,5,11,67866
FIFO,400,1,6,10,67866
FIFO,400,1,7,12,67865
FIFO,400,1,9,13,67868
FIFO,400,1,4,5,67869
FIFO,400,1,15,9,67867
FIFO,400,1,11,7,67869
FIFO,400,1,16,16,67868
FIFO,400,1,10,8,67870
FIFO,400,1,8,1,67970
FIFO,400,4,1,290,68190
FIFO,400,4,6,6,68189
FIFO,400,4,13,8,68188
FIFO,400,4,7,10,68189
FIFO,400,4,9,5,68188
FIFO,400,4,5,6,68316
FIFO,400,4,16,8,68316
FIFO,400,4,3,2,68339
FIFO,400,4,10,4,68338
FIFO,400,4,8,7,68339
FIFO,400,4,15,7,68466
FIFO,400,4,12,8,68468
FIFO,400,4,2,9,68489
FIFO,400,4,4,10,68490
FIFO,400,4,11,13,68488
FIFO,400,4,14,7,68487
FIFO,400,1,1,292,69159
FIFO,400,1,5,5,69159
FIFO,400,1,8,7,69159
FIFO,400,1,15,3,69157
FIFO,400,1,3,9,69160
FIFO,400,1,13,6,69159
FIFO,400,1,4,8,69307
FIFO,400,1,12,8,69307
FIFO,400,1,14,8,69307
FIFO,400,1,10,3,69308
FIFO,400,1,9,11,69309
FIFO,400,1,6,6,69309
FIFO,400,1,7,5,69309
FIFO,400,1,11,11,69308
FIFO,400,1,16,14,69308
FIFO,400,1,2,4,69311
FIFO,400,5,1,289,69443
FIFO,400,5,16,11,69440
FIFO,400,5,9,3,69441
FIFO,400,5,6,11,69592
FIFO,400,5,7,3,69592
FIFO,400,5,4,9,69593
FIFO,400,5,12,9,69591
FIFO,400,5,11,5,69591
FIFO,400,5,5,5,69593
FIFO,400,5,15,9,69591
FIFO,400,5,3,6,69739
FIFO,400,5,8,4,69738
FIFO,400,5,13,6,69736
FIFO,400,5,14,11,69736
FIFO,400,5,10,10,69738
FIFO,400,5,2,9,69740
PRIO,400,1,1,210,70315
LIFO,400,1,1,225,70205
PRIO,400,1,14,8,70452
PRIO,400,1,15,5,70469
PRIO,400,1,8,4,70470
LIFO,400,1,11,11,70325
LIFO,400,1,5,11,70328
LIFO,400,1,13,6,70326
LIFO,400,1,4,7,70328
LIFO,400,1,6,9,70329
LIFO,400,1,3,10,70329
LIFO,400,1,16,10,70325
LIFO,400,1,9,7,70327
LIFO,400,1,12,9,70326
LIFO,400,1,15,10,70325
LIFO,400,1,8,19,70327
LIFO,400,1,7,6,70327
PRIO,400,4,1,206,70525
PRIO,400,1,6,6,70566
PRIO,400,1,2,115,70582
PRIO,400,1,16,4,70584
PRIO,400,1,3,18,70589
PRIO,400,1,13,6,70589
PRIO,400,1,12,1,70589
PRIO,400,1,4,3,70591
PRIO,400,1,10,2,70589
PRIO,400,1,11,4,70590
PRIO,400,1,9,3,70590
LIFO,400,4,2,10,70525
LIFO,400,4,13,11,70523
PRIO,400,1,5,2,70592
PRIO,400,1,7,9,70592
LIFO,400,4,3,10,70544
LIFO,400,1,14,13,70467
LIFO,400,1,2,38,70479
LIFO,400,1,10,9,70491
LIFO,400,4,16,8,70581
LIFO,400,4,5,105,70587
LIFO,400,4,1,195,70591
PRIO,400,3,2,104,70655
LIFO,400,4,2,50,70534
LIFO,400,4,3,3,70534
PRIO,400,4,16,8,70671
PRIO,400,4,14,3,70672
PRIO,400,4,8,12,70674
PRIO,400,4,4,8,70675
PRIO,400,4,2,105,70675
PRIO,400,4,3,13,70675
PRIO,400,4,13,2,70673
PRIO,400,4,6,10,70674
PRIO,400,4,7,1,70674
PRIO,400,4,15,3,70672
PRIO,400,4,12,3,70673
PRIO,400,4,9,4,70674
PRIO,400,4,11,7,70673
PRIO,400,4,5,6,70675
PRIO,400,4,10,9,70674
LIFO,400,4,10,6,70702
LIFO,400,4,4,6,70704
LIFO,400,4,11,10,70703
LIFO,400,4,8,4,70704
LIFO,400,4,12,2,70703
LIFO,400,4,7,4,70704
LIFO,400,4,15,5,70703
FIFO,400,3,2,11,70655
LIFO,400,4,6,8,70740
LIFO,400,4,9,11,70740
LIFO,400,4,14,5,70738
PRIO,400,3,13,6,70795
PRIO,400,3,5,1,70797
PRIO,400,3,4,8,70797
PRIO,400,3,8,3,70797
PRIO,400,3,10,5,70796
PRIO,400,3,6,3,70797
PRIO,400,3,7,4,70797
PRIO,400,3,11,6,70796
LIFO,400,4,1,213,70685
FIFO,400,3,7,12,70710
PRIO,400,3,3,15,70877
FIFO,400,3,12,9,70788
FIFO,400,3,3,12,70793
FIFO,400,3,8,8,70803
FIFO,400,3,4,9,70805
FIFO,400,3,6,5,70804
FIFO,400,3,1,272,70805
FIFO,400,3,13,12,70804
FIFO,400,3,9,6,70805
FIFO,400,3,14,12,70804
FIFO,400,3,15,6,70803
FIFO,400,3,10,4,70805
FIFO,400,3,16,10,70823
PRIO,400,3,16,6,70946
LIFO,400,4,12,12,70832
LIFO,400,4,14,10,70831
LIFO,400,4,7,10,70833
LIFO,400,4,16,8,70831
LIFO,400,4,15,5,70831
LIFO,400,4,10,4,70832
LIFO,400,4,5,15,70834
PRIO,400,4,1,289,70884
LIFO,400,4,9,9,70833
LIFO,400,4,4,11,70834
LIFO,400,4,13,12,70832
LIFO,400,4,11,17,70832
LIFO,400,4,8,18,70833
LIFO,400,4,6,3,70833
PRIO,400,3,15,5,70981
PRIO,400,3,9,6,70982
PRIO,400,3,1,219,71023
PRIO,400,4,2,49,70938
PRIO,400,4,6,2,70962
PRIO,400,4,8,7,70961
PRIO,400,4,10,1,70961
PRIO,400,4,3,6,70962
PRIO,400,4,12,2,70961
PRIO,400,4,15,2,70961
PRIO,400,4,13,3,70961
PRIO,400,4,16,8,70961
PRIO,400,4,11,4,70962
PRIO,400,4,4,7,70963
PRIO,400,4,5,1,70964
PRIO,400,4,14,5,70962
FIFO,400,3,5,5,70941
FIFO,400,3,11,7,70952
PRIO,400,3,14,0,71085
PRIO,400,3,12,9,71085
PRIO,400,4,7,9,71088
PRIO,400,4,9,5,71088
LIFO,400,3,8,4,71934
LIFO,400,3,15,4,71933
LIFO,400,3,11,0,71934
LIFO,400,3,10,7,71934
LIFO,400,3,16,0,71934
LIFO,400,3,5,4,71936
LIFO,400,3,3,5,71936
LIFO,400,3,7,3,71935
LIFO,400,3,1,226,71981
LIFO,400,3,6,9,72105
LIFO,400,3,13,3,72125
LIFO,400,3,12,5,72127
LIFO,400,3,14,4,72127
LIFO,400,3,4,108,72129
LIFO,400,3,2,14,72210
LIFO,400,3,9,4,72234
FIFO,400,4,2,9,72241
FIFO,400,4,12,13,72362
FIFO,400,4,1,274,72366
FIFO,400,4,14,8,72373
FIFO,400,4,16,10,72379
FIFO,400,4,11,15,72384
FIFO,400,4,13,9,72384
FIFO,400,4,7,10,72385
FIFO,400,4,10,3,72385
FIFO,400,4,6,4,72387
FIFO,400,4,8,6,72385
FIFO,400,4,3,13,72387
FIFO,400,4,15,3,72384
FIFO,400,4,9,5,72385
FIFO,400,4,4,7,72399
FIFO,400,4,5,11,72399
LIFO,400,3,1,236,72646
LIFO,400,3,7,4,72668
LIFO,400,3,16,11,72743
LIFO,400,3,4,9,72746
LIFO,400,3,2,46,72797
LIFO,400,3,14,7,72936
LIFO,400,3,13,3,72936
LIFO,400,3,9,7,72939
LIFO,400,3,11,15,72938
LIFO,400,3,15,12,72937
LIFO,400,3,5,10,72939
LIFO,400,3,12,11,72940
LIFO,400,3,10,5,72940
LIFO,400,3,8,5,72941
LIFO,400,3,6,4,72941
LIFO,400,3,3,15,72942
LIFO,400,5,12,9,73049
LIFO,400,5,3,2,73052
LIFO,400,5,16,7,73048
LIFO,400,5,11,7,73050
LIFO,400,5,14,2,73049
LIFO,400,5,8,6,73050
LIFO,400,5,1,279,72976
LIFO,400,5,1,209,73102
LIFO,400,5,2,51,73026
LIFO,400,5,7,7,73084
LIFO,400,5,4,4,73085
LIFO,400,5,9,11,73084
LIFO,400,5,5,4,73178
LIFO,400,5,12,6,73085
LIFO,400,5,5,5,73087
LIFO,400,5,6,5,73179
LIFO,400,5,2,3,73180
LIFO,400,5,6,1,73087
LIFO,400,5,14,8,73085
LIFO,400,5,15,12,73201
LIFO,400,5,16,3,73110
LIFO,400,5,11,1,73111
LIFO,400,5,3,8,73113
LIFO,400,5,13,6,73111
LIFO,400,5,15,4,73110
LIFO,400,5,4,109,73217
LIFO,400,5,10,3,73230
LIFO,400,5,8,3,73232
LIFO,400,5,7,8,73329
LIFO,400,5,9,6,73349
LIFO,400,5,13,4,73349
LIFO,400,5,10,7,73350
LIFO,400,2,1,271,74394
LIFO,400,2,9,5,74472
LIFO,400,2,4,9,74474
LIFO,400,2,8,6,74600
LIFO,400,2,5,4,74601
LIFO,400,2,3,5,74602
LIFO,400,2,12,7,74599
LIFO,400,2,6,4,74602
LIFO,400,2,10,5,74600
LIFO,400,2,13,5,74599
LIFO,400,2,15,6,74600
LIFO,400,2,7,4,74627
LIFO,400,2,16,7,74625
LIFO,400,2,14,5,74626
LIFO,400,2,11,5,74626
LIFO,400,2,2,52,74662
LIFO,400,2,15,3,75553
LIFO,400,2,12,1,75554
LIFO,400,2,1,250,75557
LIFO,400,2,5,1,75556
LIFO,400,2,3,9,75584
LIFO,400,2,2,120,75593
PRIO,400,2,1,273,75555
PRIO,400,2,16,11,75578
PRIO,400,2,3,9,75581
LIFO,400,2,4,4,75706
PRIO,400,5,1,195,75774
LIFO,400,2,9,1,75763
PRIO,400,2,2,47,75776
PRIO,400,2,15,3,75781
PRIO,400,2,4,5,75783
PRIO,400,2,11,9,75782
PRIO,400,5,10,9,75850
PRIO,400,5,15,5,75848
PRIO,400,5,9,4,75851
PRIO,400,2,13,6,75782
PRIO,400,5,5,9,75852
PRIO,400,5,11,7,75851
PRIO,400,2,5,3,75784
PRIO,400,5,13,7,75850
PRIO,400,2,10,6,75783
PRIO,400,2,8,3,75783
PRIO,400,2,12,5,75783
LIFO,400,2,13,1,75820
PRIO,400,5,8,3,75852
PRIO,400,5,14,6,75849
PRIO,400,2,14,4,75783
PRIO,400,5,7,5,75852
PRIO,400,2,6,4,75783
PRIO,400,2,7,8,75783
PRIO,400,5,12,10,75850
PRIO,400,2,9,4,75783
LIFO,400,2,8,2,75854
LIFO,400,2,16,1,75852
LIFO,400,2,10,2,75854
LIFO,400,2,11,0,75854
LIFO,400,2,14,3,75853
LIFO,400,2,7,2,75855
LIFO,400,2,6,0,75855
PRIO,400,5,3,6,75964
PRIO,400,5,6,6,75963
PRIO,400,5,2,16,75989
PRIO,400,5,16,5,75998
PRIO,400,5,4,107,76024
LIFO,400,1,12,4,76044
LIFO,400,1,14,0,76043
LIFO,400,1,9,0,76044
LIFO,400,1,4,0,76045
LIFO,400,1,5,2,76046
LIFO,400,1,2,121,76047
LIFO,400,1,16,3,76044
LIFO,400,1,15,4,76192
LIFO,400,1,11,0,76344
LIFO,400,1,10,0,76344
LIFO,400,1,13,0,76344
LIFO,400,1,8,0,76345
LIFO,400,1,1,257,76346
LIFO,400,1,3,8,76346
LIFO,400,1,7,1,76345
LIFO,400,1,6,0,76345
PRIO,400,3,2,53,76907
PRIO,400,3,1,305,76908
PRIO,400,3,13,2,76976
PRIO,400,3,15,6,76976
PRIO,400,3,7,1,76977
PRIO,400,3,10,5,76977
PRIO,400,3,5,4,76979
PRIO,400,3,8,0,76978
PRIO,400,3,12,1,76978
PRIO,400,3,11,5,76978
PRIO,400,3,9,4,76978
PRIO,400,3,6,4,76978
PRIO,400,3,3,2,76979
PRIO,400,3,4,2,77000
PRIO,400,3,16,5,77073
PRIO,400,3,14,1,77074
PRIO,400,1,1,287,77632
PRIO,400,1,14,2,77685
PRIO,400,1,13,8,77889
PRIO,400,1,4,3,77890
PRIO,400,1,15,5,77888
PRIO,400,1,10,1,77890
PRIO,400,1,11,5,77890
PRIO,400,1,7,5,77890
PRIO,400,1,8,4,77890
PRIO,400,1,5,4,77891
PRIO,400,1,12,9,77890
PRIO,400,1,3,0,77911
PRIO,400,1,6,8,77911
PRIO,400,1,16,4,77909
PRIO,400,1,9,3,77910
PRIO,400,1,2,52,77912
PRIO,400,2,8,5,78009
PRIO,400,2,7,0,78010
PRIO,400,2,2,117,78057
PRIO,400,2,1,226,78149
PRIO,400,2,10,5,78158
PRIO,400,2,16,5,78190
PRIO,400,2,3,14,78192
PRIO,400,2,5,1,78276
PRIO,400,2,4,1,78277
PRIO,400,2,14,4,78275
PRIO,400,2,13,5,78306
PRIO,400,2,15,9,78306
PRIO,400,2,9,4,78308
PRIO,400,2,6,1,78308
PRIO,400,2,12,1,78308
PRIO,400,2,11,2,78308
LIFO,800,2,2,148,113333
LIFO,800,2,8,18,113335
LIFO,800,2,1,405,113337
LIFO,800,2,16,16,113333
LIFO,800,2,5,20,113336
LIFO,800,2,10,15,113485
LIFO,800,2,13,8,113484
LIFO,800,2,7,8,113485
LIFO,800,2,3,25,113486
LIFO,800,2,15,19,113483
LIFO,800,2,6,17,113487
LIFO,800,2,11,21,113485
LIFO,800,2,14,14,113485
LIFO,800,2,12,9,113485
LIFO,800,2,4,40,113487
LIFO,800,2,9,17,113486
PRIO,800,4,1,371,116515
PRIO,800,4,14,4,116512
PRIO,800,4,2,33,116525
PRIO,800,4,7,1,116636
PRIO,800,4,13,7,116635
PRIO,800,4,3,299,116637
PRIO,800,4,15,4,116732
PRIO,800,4,12,3,116733
PRIO,800,4,10,2,116733
PRIO,800,4,8,1,116735
PRIO,800,4,6,3,116735
PRIO,800,4,4,55,116754
PRIO,800,4,9,4,116780
PRIO,800,4,11,3,116780
PRIO,800,4,5,0,116781
PRIO,800,4,16,10,116779
PRIO,800,5,11,14,117520
PRIO,800,5,14,17,117520
PRIO,800,5,5,11,117521
PRIO,800,5,9,11,117521
PRIO,800,5,4,18,117522
PRIO,800,5,10,21,117521
PRIO,800,5,2,239,117523
PRIO,800,5,15,22,117521
PRIO,800,5,12,16,117671
PRIO,800,5,6,16,117672
PRIO,800,5,1,284,117693
PRIO,800,5,3,54,117693
PRIO,800,5,13,12,117691
PRIO,800,5,8,19,117693
PRIO,800,5,7,19,117694
PRIO,800,5,16,27,117693
LIFO,800,4,2,111,118088
LIFO,800,4,11,15,118087
LIFO,800,4,12,19,118087
LIFO,800,4,14,22,118086
LIFO,800,4,4,42,118098
LIFO,800,4,16,25,118095
LIFO,800,4,9,20,118246
LIFO,800,4,1,374,118248
LIFO,800,4,8,13,118246
LIFO,800,4,5,61,118246
LIFO,800,4,6,22,118247
LIFO,800,4,7,10,118246
LIFO,800,4,10,20,118246
LIFO,800,4,15,16,118245
LIFO,800,4,13,15,118246
LIFO,800,4,3,15,118248
PRIO,800,1,1,254,118431
PRIO,800,1,15,12,118462
PRIO,800,1,6,8,118463
PRIO,800,1,5,15,118463
PRIO,800,1,11,11,118462
PRIO,800,1,4,28,118544
PRIO,800,1,7,19,118545
PRIO,800,1,8,7,118546
PRIO,800,1,13,12,118545
PRIO,800,1,14,18,118546
PRIO,800,1,2,267,118582
PRIO,800,1,3,114,118625
PRIO,800,1,12,5,118628
PRIO,800,1,10,16,118629
PRIO,800,1,9,5,118680
PRIO,800,1,16,9,118693
PRIO,800,3,4,15,119229
PRIO,800,3,5,14,119229
PRIO,800,3,1,277,119230
PRIO,800,3,6,19,119228
PRIO,800,3,7,22,119228
PRIO,800,3,12,22,119227
PRIO,800,3,16,24,119226
PRIO,800,3,3,57,119229
PRIO,800,3,10,18,119377
PRIO,800,3,9,11,119378
PRIO,800,3,15,20,119376
PRIO,800,3,8,12,119378
PRIO,800,3,11,18,119377
PRIO,800,3,2,236,119379
PRIO,800,3,14,22,119378
PRIO,800,3,13,13,119527
PRIO,800,2,1,325,119778
PRIO,800,2,3,27,119820
PRIO,800,2,14,14,119955
PRIO,800,2,16,10,119956
PRIO,800,2,9,12,119957
PRIO,800,2,6,8,119957
PRIO,800,2,11,5,119958
PRIO,800,2,5,16,119958
PRIO,800,2,12,8,119958
PRIO,800,2,13,8,120034
PRIO,800,2,4,57,120040
PRIO,800,2,15,8,120038
PRIO,800,2,10,8,120039
PRIO,800,2,7,13,120040
PRIO,800,2,8,9,120041
PRIO,800,2,2,272,120068
LIFO,800,3,2,156,120072
LIFO,800,3,10,18,120219
LIFO,800,3,7,10,120220
LIFO,800,3,14,35,120218
LIFO,800,3,15,14,120218
LIFO,800,3,3,41,120222
LIFO,800,3,4,12,120220
LIFO,800,3,11,14,120219
LIFO,800,3,5,8,120220
LIFO,800,3,9,6,120219
LIFO,800,3,1,409,120372
LIFO,800,3,12,16,120369
LIFO,800,3,8,17,120370
LIFO,800,3,16,14,120368
LIFO,800,3,13,17,120369
LIFO,800,3,6,13,120371
LIFO,800,5,2,147,120963
LIFO,800,5,13,15,120959
LIFO,800,5,5,11,120962
LIFO,800,5,12,20,120960
LIFO,800,5,3,66,121112
LIFO,800,5,14,14,121108
LIFO,800,5,11,18,121110
LIFO,800,5,1,376,121262
LIFO,800,5,6,7,121261
LIFO,800,5,15,26,121258
LIFO,800,5,10,16,121260
LIFO,800,5,8,14,121261
LIFO,800,5,16,16,121258
LIFO,800,5,4,21,121262
LIFO,800,5,7,15,121261
LIFO,800,5,9,18,121261
LIFO,800,1,1,380,124126
LIFO,800,1,7,25,124124
LIFO,800,1,2,111,124126
LIFO,800,1,14,8,124123
LIFO,800,1,4,55,124125
LIFO,800,1,15,21,124123
LIFO,800,1,16,12,124122
LIFO,800,1,6,36,124279
LIFO,800,1,9,14,124278
LIFO,800,1,8,34,124278
LIFO,800,1,13,16,124277
LIFO,800,1,3,38,124279
LIFO,800,1,10,15,124428
LIFO,800,1,11,17,124428
LIFO,800,1,12,13,124427
LIFO,800,1,5,5,124429
FIFO,800,5,2,12,126847
FIFO,800,5,9,8,126844
FIFO,800,5,12,6,126993
FIFO,800,5,3,11,126996
FIFO,800,5,8,5,126995
FIFO,800,5,1,670,127021
FIFO,800,5,13,12,127143
FIFO,800,5,6,5,127145
FIFO,800,5,7,11,127157
FIFO,800,5,4,8,127158
FIFO,800,5,11,6,127156
FIFO,800,5,10,8,127156
FIFO,800,5,15,9,127155
FIFO,800,5,16,9,127154
FIFO,800,5,5,11,127157
FIFO,800,5,14,9,127293
FIFO,800,4,2,13,128553
FIFO,800,4,1,664,128591
FIFO,800,4,9,9,128612
FIFO,800,4,11,4,128696
FIFO,800,4,15,9,128695
FIFO,800,4,4,8,128699
FIFO,800,4,3,7,128700
FIFO,800,4,10,5,128698
FIFO,800,4,6,11,128701
FIFO,800,4,8,12,128793
FIFO,800,4,14,21,128845
FIFO,800,4,5,6,128854
FIFO,800,4,16,15,128851
FIFO,800,4,7,1,128853
FIFO,800,4,13,9,128853
FIFO,800,4,12,6,128853
FIFO,800,3,12,7,129399
FIFO,800,3,14,8,129399
FIFO,800,3,4,8,129401
FIFO,800,3,10,19,129550
FIFO,800,3,1,663,129552
FIFO,800,3,6,7,129551
FIFO,800,3,15,10,129694
FIFO,800,3,9,10,129696
FIFO,800,3,5,7,129697
FIFO,800,3,7,9,129698
FIFO,800,3,16,5,129695
FIFO,800,3,13,7,129696
FIFO,800,3,8,8,129697
FIFO,800,3,11,7,129696
FIFO,800,3,2,11,129699
FIFO,800,3,3,14,129699
FIFO,800,2,5,11,131055
FIFO,800,2,16,9,131053
FIFO,800,2,14,15,131053
FIFO,800,2,6,6,131055
FIFO,800,2,10,11,131054
FIFO,800,2,1,662,131057
FIFO,800,2,8,7,131220
FIFO,800,2,9,10,131220
FIFO,800,2,4,11,131221
FIFO,800,2,7,14,131220
FIFO,800,2,11,10,131219
FIFO,800,2,13,8,131219
FIFO,800,2,12,1,131219
FIFO,800,2,15,12,131218
FIFO,800,2,3,3,131221
FIFO,800,2,2,10,131222
FIFO,800,1,4,8,131481
FIFO,800,1,5,10,131480
FIFO,800,1,1,656,131481
FIFO,800,1,2,15,131481
FIFO,800,1,6,13,131480
FIFO,800,1,15,14,131480
FIFO,800,1,9,6,131636
FIFO,800,1,16,13,131634
FIFO,800,1,14,15,131635
FIFO,800,1,12,7,131636
FIFO,800,1,11,4,131636
FIFO,800,1,8,7,131636
FIFO,800,1,13,5,131636
FIFO,800,1,7,6,131637
FIFO,800,1,10,11,131636
FIFO,800,1,3,10,131638
FIFO,800,5,2,17,132526
FIFO,800,5,7,10,132673
FIFO,800,5,8,13,132673
FIFO,800,5,15,7,132672
FIFO,800,5,14,13,132672
FIFO,800,5,12,15,132673
FIFO,800,5,10,11,132674
FIFO,800,5,9,16,132674
FIFO,800,5,13,14,132673
FIFO,800,5,6,15,132675
FIFO,800,5,5,13,132675
FIFO,800,5,16,8,132672
FIFO,800,5,1,604,132677
FIFO,800,5,4,19,132825
FIFO,800,5,3,11,132825
FIFO,800,5,11,14,132972
FIFO,800,5,3,15,133923
FIFO,800,5,2,22,133929
FIFO,800,5,6,26,134077
FIFO,800,5,5,8,134077
FIFO,800,5,8,17,134078
FIFO,800,5,15,12,134076
FIFO,800,5,9,7,134078
FIFO,800,5,12,23,134077
FIFO,800,5,4,18,134079
FIFO,800,5,16,24,134076
FIFO,800,5,14,22,134077
FIFO,800,5,13,9,134077
FIFO,800,5,10,9,134077
FIFO,800,5,7,17,134078
FIFO,800,5,11,16,134077
FIFO,800,5,1,555,134160
FIFO,800,1,2,23,135663
FIFO,800,1,1,554,135785
FIFO,800,1,10,21,135811
FIFO,800,1,14,23,135811
FIFO,800,1,5,13,135813
FIFO,800,1,3,27,135813
FIFO,800,1,13,15,135811
FIFO,800,1,15,11,135812
FIFO,800,1,9,12,135813
FIFO,800,1,4,20,135814
FIFO,800,1,11,20,135814
FIFO,800,1,16,12,135820
FIFO,800,1,12,16,135821
FIFO,800,1,8,10,135821
FIFO,800,1,6,15,135833
FIFO,800,1,7,8,135850
FIFO,800,3,2,20,136558
FIFO,800,3,3,11,136707
FIFO,800,3,11,17,136706
FIFO,800,3,9,10,136708
FIFO,800,3,7,27,136709
FIFO,800,3,6,18,136709
FIFO,800,3,5,16,136709
FIFO,800,3,8,15,136709
FIFO,800,3,13,18,136708
FIFO,800,3,10,13,136716
FIFO,800,3,14,11,136715
FIFO,800,3,15,24,136716
FIFO,800,3,16,14,136719
FIFO,800,3,12,20,136727
FIFO,800,3,1,554,136730
FIFO,800,3,4,12,136761
FIFO,800,2,2,18,138715
FIFO,800,2,3,31,138715
FIFO,800,2,11,30,138858
FIFO,800,2,16,13,138863
FIFO,800,2,13,21,138863
FIFO,800,2,5,9,138865
FIFO,800,2,8,24,138864
FIFO,800,2,7,14,138864
FIFO,800,2,15,10,138863
FIFO,800,2,1,551,138865
FIFO,800,2,10,9,138864
FIFO,800,3,6,10,139036
FIFO,800,2,4,14,138866
FIFO,800,3,14,14,139034
FIFO,800,3,16,12,139033
FIFO,800,3,5,12,139036
FIFO,800,3,2,13,139036
FIFO,800,2,6,25,138864
FIFO,800,2,9,15,138864
FIFO,800,3,11,6,139035
FIFO,800,3,15,12,139033
FIFO,800,2,14,5,139007
FIFO,800,3,1,603,139186
FIFO,800,2,12,11,139014
FIFO,800,3,7,6,139185
FIFO,800,3,3,33,139187
FIFO,800,3,4,17,139336
FIFO,800,3,12,27,139334
FIFO,800,3,10,8,139335
FIFO,800,3,9,6,139335
FIFO,800,3,13,14,139334
FIFO,800,3,8,7,139335
FIFO,800,1,3,20,139534
FIFO,800,1,2,7,139535
FIFO,800,1,14,7,139682
FIFO,800,1,1,599,139685
FIFO,800,1,9,8,139683
FIFO,800,1,10,15,139683
FIFO,800,1,13,17,139682
FIFO,800,1,8,13,139684
FIFO,800,1,15,6,139681
FIFO,800,1,6,18,139684
FIFO,800,1,16,29,139681
FIFO,800,1,7,3,139684
FIFO,800,1,4,14,139684
FIFO,800,1,11,24,139832
FIFO,800,1,12,7,139832
FIFO,800,1,5,13,139834
FIFO,800,4,11,15,140303
FIFO,800,4,8,11,140304
FIFO,800,4,14,16,140302
FIFO,800,4,9,16,140303
FIFO,800,4,10,6,140303
FIFO,800,4,6,14,140304
FIFO,800,4,13,20,140302
FIFO,800,4,3,9,140305
FIFO,800,4,7,9,140305
FIFO,800,4,16,13,140303
FIFO,800,4,2,25,140309
FIFO,800,4,1,600,140460
FIFO,800,4,12,12,140457
FIFO,800,4,15,11,140602
FIFO,800,4,4,5,140605
FIFO,800,4,5,18,140604
FIFO,800,2,1,592,141286
FIFO,800,2,2,10,141435
FIFO,800,2,3,11,141435
FIFO,800,2,7,17,141584
FIFO,800,2,13,10,141583
FIFO,800,2,14,13,141582
FIFO,800,2,4,13,141585
FIFO,800,2,9,8,141584
FIFO,800,2,11,14,141583
FIFO,800,2,6,10,141585
FIFO,800,2,8,23,141584
FIFO,800,2,5,11,141585
FIFO,800,2,12,16,141583
FIFO,800,2,10,21,141583
FIFO,800,2,15,17,141582
FIFO,800,2,16,14,141582
PRIO,800,2,1,471,142402
PRIO,800,2,4,12,142492
PRIO,800,2,11,3,142510
PRIO,800,2,3,178,142523
PRIO,800,2,9,13,142523
PRIO,800,2,13,5,142522
PRIO,800,2,16,7,142521
PRIO,800,2,10,10,142525
PRIO,800,2,12,2,142525
PRIO,800,2,14,7,142524
PRIO,800,2,7,10,142526
PRIO,800,2,6,2,142526
PRIO,800,2,2,3,142527
PRIO,800,2,5,60,142672
PRIO,800,2,8,12,142671
PRIO,800,2,15,5,142670
FIFO,800,4,3,19,142694
FIFO,800,4,4,9,142694
FIFO,800,4,5,16,142843
FIFO,800,4,14,23,142830
FIFO,800,4,12,10,142830
FIFO,800,4,13,20,142830
FIFO,800,4,10,14,142831
FIFO,800,4,11,11,142831
FIFO,800,4,8,26,142832
FIFO,800,4,9,17,142832
FIFO,800,4,15,25,142831
FIFO,800,4,2,22,142845
FIFO,800,4,1,552,142845
FIFO,800,4,6,13,142834
FIFO,800,4,7,14,142982
FIFO,800,4,16,9,142981
LIFO,800,2,1,487,144269
LIFO,800,2,8,12,144373
LIFO,800,2,6,9,144373
LIFO,800,2,7,9,144451
LIFO,800,2,15,7,144448
LIFO,800,2,5,11,144452
LIFO,800,2,14,6,144450
LIFO,800,2,9,8,144451
LIFO,800,2,10,2,144451
LIFO,800,2,12,3,144451
LIFO,800,2,4,9,144453
LIFO,800,2,11,4,144452
LIFO,800,2,13,8,144475
LIFO,800,2,16,7,144474
LIFO,800,2,3,34,144482
LIFO,800,2,2,184,144485
PRIO,800,3,1,453,145358
PRIO,800,3,2,180,145487
PRIO,800,3,15,7,145505
PRIO,800,3,6,6,145506
PRIO,800,3,5,14,145506
PRIO,800,3,3,6,145507
PRIO,800,3,14,5,145506
PRIO,800,3,9,9,145507
PRIO,800,3,13,11,145633
PRIO,800,3,10,5,145635
PRIO,800,3,7,6,145635
PRIO,800,3,11,6,145634
PRIO,800,3,8,8,145635
PRIO,800,3,16,12,145634
PRIO,800,3,4,60,145635
PRIO,800,3,12,12,145634
PRIO,800,4,1,493,146644
PRIO,800,4,13,8,146710
PRIO,800,4,8,6,146711
PRIO,800,4,10,7,146711
PRIO,800,4,12,5,146712
PRIO,800,4,6,7,146712
PRIO,800,4,5,11,146713
PRIO,800,4,4,11,146713
PRIO,800,4,1,483,146550
PRIO,800,5,1,511,146720
PRIO,800,4,8,13,146658
PRIO,800,4,7,4,146820
PRIO,800,4,11,6,146820
PRIO,800,4,9,8,146820
PRIO,800,5,14,2,146808
PRIO,800,5,8,3,146809
PRIO,800,4,15,8,146819
PRIO,800,4,12,19,146656
PRIO,800,4,14,6,146819
PRIO,800,5,6,4,146810
PRIO,800,4,16,1,146819
PRIO,800,4,2,185,146849
PRIO,800,5,3,61,146839
PRIO,800,4,2,110,146693
PRIO,800,4,3,34,146863
PRIO,800,5,2,196,146852
PRIO,800,5,11,2,146887
PRIO,800,5,4,2,146888
PRIO,800,5,16,2,146887
PRIO,800,5,12,2,146888
PRIO,800,5,15,0,146887
PRIO,800,5,9,4,146888
PRIO,800,5,13,4,146887
PRIO,800,5,7,2,146889
PRIO,800,5,10,2,146889
PRIO,800,5,5,3,146890
PRIO,800,4,13,19,146847
PRIO,800,4,3,11,146849
PRIO,800,4,5,8,146849
PRIO,800,4,16,16,146847
PRIO,800,4,9,11,146849
PRIO,800,4,14,11,146848
PRIO,800,4,11,21,146849
PRIO,800,4,7,15,146850
PRIO,800,4,15,18,146848
PRIO,800,4,6,10,146850
PRIO,800,4,10,7,146849
PRIO,800,4,4,28,146850
LIFO,800,5,1,493,147489
LIFO,800,5,5,36,147498
LIFO,800,5,10,16,147549
LIFO,800,5,8,2,147549
LIFO,800,5,4,9,147551
LIFO,800,5,16,9,147548
LIFO,800,5,6,7,147551
LIFO,800,5,12,4,147549
LIFO,800,5,11,8,147549
LIFO,800,5,14,5,147657
LIFO,800,5,7,8,147659
LIFO,800,5,15,7,147656
LIFO,800,5,13,7,147657
LIFO,800,5,9,6,147658
LIFO,800,5,3,3,147698
LIFO,800,5,2,180,147703
PRIO,800,5,1,471,147806
PRIO,800,5,13,8,147804
PRIO,800,5,4,15,147954
PRIO,800,5,7,17,147954
PRIO,800,5,2,102,147955
PRIO,800,5,16,10,147953
PRIO,800,5,12,13,147953
PRIO,800,5,5,26,147955
PRIO,800,5,14,18,147953
PRIO,800,5,8,17,147955
PRIO,800,5,15,13,147954
PRIO,800,5,9,17,147955
PRIO,800,5,3,19,147955
PRIO,800,5,10,15,147953
PRIO,800,5,11,19,147954
PRIO,800,5,6,20,148104
PRIO,800,1,1,380,148657
PRIO,800,1,3,17,148691
PRIO,800,1,13,9,148793
PRIO,800,1,6,19,148794
PRIO,800,1,16,19,148844
PRIO,800,1,9,19,148845
PRIO,800,1,10,15,148845
PRIO,800,1,11,16,148845
PRIO,800,1,12,8,148845
PRIO,800,1,14,14,148845
PRIO,800,1,4,56,148847
PRIO,800,1,7,16,148847
PRIO,800,1,2,158,148847
PRIO,800,1,15,18,148953
PRIO,800,1,8,16,148953
PRIO,800,1,5,20,148955
LIFO,800,4,1,505,148904
LIFO,800,4,11,14,148901
LIFO,800,4,3,22,148903
LIFO,800,4,2,105,148903
LIFO,800,4,4,27,148903
LIFO,800,4,8,15,148902
LIFO,800,4,14,12,148901
LIFO,800,4,6,12,148902
LIFO,800,4,5,18,148903
LIFO,800,4,10,12,148903
LIFO,800,4,7,10,148904
LIFO,800,4,13,9,148903
LIFO,800,4,9,13,149051
LIFO,800,4,16,8,149206
LIFO,800,4,15,8,149206
LIFO,800,4,12,10,149207
PRIO,800,3,1,538,149425
PRIO,800,3,11,13,149452
PRIO,800,3,7,14,149452
PRIO,800,3,10,16,149452
PRIO,800,3,5,5,149452
PRIO,800,3,12,15,149451
PRIO,800,3,16,15,149451
PRIO,800,3,9,9,149452
PRIO,800,3,13,7,149452
PRIO,800,3,14,6,149452
PRIO,800,3,15,9,149452
PRIO,800,3,3,13,149465
PRIO,800,3,2,108,149599
PRIO,800,3,8,11,149602
PRIO,800,3,6,13,149676
PRIO,800,3,4,8,149676
PRIO,800,2,1,548,150637
PRIO,800,2,5,11,150691
PRIO,800,2,15,17,150690
PRIO,800,2,4,8,150691
PRIO,800,2,11,12,150692
PRIO,800,2,16,9,150691
PRIO,800,2,6,8,150692
PRIO,800,2,9,13,150692
PRIO,800,2,10,10,150692
PRIO,800,2,14,9,150691
PRIO,800,2,2,109,150848
PRIO,800,2,7,9,150852
PRIO,800,2,13,10,150852
PRIO,800,2,3,12,150853
PRIO,800,2,12,10,150888
PRIO,800,2,8,5,150888
LIFO,800,1,1,462,151475
LIFO,800,1,7,19,151581
LIFO,800,1,4,17,151582
LIFO,800,1,2,163,151631
LIFO,800,1,5,31,151724
LIFO,800,1,12,12,151763
LIFO,800,1,10,7,151763
LIFO,800,1,14,8,151763
LIFO,800,1,9,11,151772
LIFO,800,1,3,11,151775
LIFO,800,1,16,14,151771
LIFO,800,1,15,15,151771
LIFO,800,1,8,7,151773
LIFO,800,1,11,6,151772
LIFO,800,1,6,5,151773
LIFO,800,1,13,12,151771
LIFO,800,1,1,547,154165
LIFO,800,1,6,12,154184
LIFO,800,1,16,6,154181
LIFO,800,1,5,6,154184
LIFO,800,1,12,10,154183
LIFO,800,1,7,12,154184
LIFO,800,1,10,13,154183
LIFO,800,1,15,9,154183
LIFO,800,1,13,7,154182
LIFO,800,1,14,11,154183
LIFO,800,1,8,11,154185
LIFO,800,1,3,15,154186
LIFO,800,1,2,113,154219
LIFO,800,1,9,13,154326
LIFO,800,3,3,51,154538
LIFO,800,3,2,195,154544
LIFO,800,3,12,4,154569
LIFO,800,1,11,8,154401
LIFO,800,3,11,9,154569
LIFO,800,1,4,7,154403
LIFO,800,4,3,52,154595
LIFO,800,4,2,197,154609
LIFO,800,3,1,491,154635
LIFO,800,3,9,3,154652
LIFO,800,3,10,4,154652
LIFO,800,3,7,4,154653
LIFO,800,3,13,7,154652
LIFO,800,3,5,5,154655
LIFO,800,3,8,2,154653
LIFO,800,3,6,2,154655
LIFO,800,3,4,6,154655
LIFO,800,3,14,3,154652
LIFO,800,4,1,503,154650
LIFO,800,3,15,6,154672
LIFO,800,3,16,8,154672
LIFO,800,4,13,4,154758
LIFO,800,4,14,6,154758
LIFO,800,4,8,2,154760
LIFO,800,4,4,1,154760
LIFO,800,4,15,5,154758
LIFO,800,4,9,3,154759
LIFO,800,4,16,3,154758
LIFO,800,4,10,5,154759
LIFO,800,4,12,3,154759
LIFO,800,4,6,3,154760
LIFO,800,4,7,1,154760
LIFO,800,4,5,7,154760
LIFO,800,4,11,5,154759
LIFO,800,2,1,652,155783
LIFO,800,2,14,7,155790
LIFO,800,2,15,1,155790
LIFO,800,2,12,0,155897
LIFO,800,2,13,2,155934
LIFO,800,2,8,0,155935
LIFO,800,2,16,1,155933
LIFO,800,2,5,0,155936
LIFO,800,2,7,0,155935
LIFO,800,2,11,0,155935
LIFO,800,2,9,0,155935
LIFO,800,2,2,126,155949
LIFO,800,2,3,10,155949
LIFO,800,2,4,1,155981
LIFO,800,2,6,0,155980
LIFO,800,2,10,0,155979
PRIO,800,1,1,653,157268
PRIO,800,1,9,1,157287
PRIO,800,1,8,2,157406
PRIO,800,1,7,2,157407
PRIO,800,1,12,0,157504
PRIO,800,1,15,0,157504
PRIO,800,1,3,6,157534
PRIO,800,1,14,3,157540
PRIO,800,1,5,1,157542
PRIO,800,1,16,1,157541
PRIO,800,1,13,1,157541
PRIO,800,1,4,3,157543
PRIO,800,1,10,1,157542
PRIO,800,1,11,0,157542
PRIO,800,1,6,0,157543
PRIO,800,1,2,126,157557
LIFO,800,3,1,639,157549
LIFO,800,3,2,122,157584
LIFO,800,3,7,3,157694
LIFO,800,3,9,1,157693
LIFO,800,3,15,3,157693
LIFO,800,3,12,2,157693
LIFO,800,3,16,1,157692
LIFO,800,3,14,3,157693
LIFO,800,3,5,1,157695
LIFO,800,3,10,4,157694
LIFO,800,3,6,1,157695
LIFO,800,3,11,1,157694
LIFO,800,3,8,2,157694
LIFO,800,3,3,8,157724
LIFO,800,3,4,5,157799
LIFO,800,3,13,4,157797
LIFO,800,5,1,658,159250
LIFO,800,5,11,1,159387
LIFO,800,5,3,7,159445
LIFO,800,5,16,0,159482
LIFO,800,5,6,1,159485
LIFO,800,5,15,0,159483
LIFO,800,5,14,0,159484
LIFO,800,5,4,0,159486
LIFO,800,5,12,0,159484
LIFO,800,5,7,4,159486
LIFO,800,5,9,0,159485
LIFO,800,5,8,1,159485
LIFO,800,5,5,0,159487
LIFO,800,5,10,0,159486
LIFO,800,5,2,127,159508
LIFO,800,5,13,1,159522
PRIO,1600,1,3,145,225891
PRIO,1600,1,2,568,225966
PRIO,1600,1,1,701,225969
PRIO,1600,1,9,8,226035
PRIO,1600,1,16,57,226034
PRIO,1600,1,5,7,226044
PRIO,1600,1,14,18,226043
PRIO,1600,1,13,6,226045
PRIO,1600,1,6,9,226045
PRIO,1600,1,11,6,226045
PRIO,1600,1,15,21,226045
PRIO,1600,1,10,8,226046
PRIO,1600,1,4,11,226191
PRIO,1600,1,12,11,226204
PRIO,1600,1,7,14,226205
PRIO,1600,1,8,10,226206
PRIO,1600,5,16,30,228440
PRIO,1600,5,1,552,228442
PRIO,1600,5,5,71,228591
PRIO,1600,5,11,22,228590
PRIO,1600,5,6,95,228591
PRIO,1600,5,7,40,228591
PRIO,1600,5,9,30,228591
PRIO,1600,5,12,34,228736
PRIO,1600,5,13,44,228736
PRIO,1600,5,4,32,228737
PRIO,1600,5,3,489,228737
PRIO,1600,5,8,29,228737
PRIO,1600,5,2,38,228737
PRIO,1600,5,15,26,228736
PRIO,1600,5,10,34,228737
PRIO,1600,5,14,34,228736
PRIO,1600,2,16,38,233805
PRIO,1600,2,12,35,233806
PRIO,1600,2,4,33,233807
PRIO,1600,2,1,536,233809
PRIO,1600,2,8,27,233808
PRIO,1600,2,13,38,233807
PRIO,1600,2,9,40,233807
PRIO,1600,2,2,61,233808
PRIO,1600,2,6,109,233952
PRIO,1600,2,3,478,233957
PRIO,1600,2,10,47,233956
PRIO,1600,2,14,33,233956
PRIO,1600,2,7,29,233958
PRIO,1600,2,15,30,234101
PRIO,1600,2,5,28,234102
PRIO,1600,2,11,38,234106
PRIO,1600,3,12,34,234450
PRIO,1600,3,3,140,234452
PRIO,1600,3,15,26,234450
PRIO,1600,3,4,27,234451
PRIO,1600,3,13,22,234594
PRIO,1600,3,6,34,234596
PRIO,1600,3,7,21,234596
PRIO,1600,3,10,39,234596
PRIO,1600,3,8,36,234596
PRIO,1600,3,9,27,234596
PRIO,1600,3,1,545,234597
PRIO,1600,3,14,29,234595
PRIO,1600,3,5,42,234596
PRIO,1600,3,11,37,234601
LIFO,1600,1,2,518,234566
LIFO,1600,1,11,43,234564
LIFO,1600,1,1,446,234566
LIFO,1600,1,7,36,234565
PRIO,1600,3,16,71,234745
PRIO,1600,3,2,470,234752
LIFO,1600,1,4,39,234715
LIFO,1600,1,13,34,234713
LIFO,1600,1,10,45,234714
LIFO,1600,1,16,129,234712
LIFO,1600,1,12,36,234713
LIFO,1600,1,8,30,234714
LIFO,1600,1,15,29,234713
LIFO,1600,1,5,34,234715
LIFO,1600,1,6,35,234715
LIFO,1600,1,9,35,234715
LIFO,1600,1,3,71,234716
LIFO,1600,1,14,40,234863
LIFO,1600,3,3,67,237037
LIFO,1600,3,6,29,237037
LIFO,1600,3,7,30,237037
LIFO,1600,3,12,34,237184
LIFO,1600,3,14,37,237185
LIFO,1600,3,1,458,237188
LIFO,1600,3,10,35,237336
LIFO,1600,3,2,525,237338
LIFO,1600,3,11,32,237336
LIFO,1600,3,8,42,237336
LIFO,1600,3,15,36,237335
LIFO,1600,3,4,26,237338
LIFO,1600,3,5,41,237337
LIFO,1600,3,13,29,237335
LIFO,1600,3,9,36,237336
LIFO,1600,3,16,143,237335
PRIO,1600,4,3,140,239992
PRIO,1600,4,2,507,239996
PRIO,1600,4,12,21,240104
PRIO,1600,4,11,15,240105
PRIO,1600,4,15,23,240104
PRIO,1600,4,9,16,240109
PRIO,1600,4,16,64,240109
PRIO,1600,4,4,36,240121
PRIO,1600,4,8,23,240127
PRIO,1600,4,1,618,240139
PRIO,1600,4,7,22,240259
PRIO,1600,4,10,22,240259
PRIO,1600,4,6,24,240260
PRIO,1600,4,5,23,240260
PRIO,1600,4,13,16,240259
PRIO,1600,4,14,30,240259
LIFO,1600,5,13,41,241739
LIFO,1600,5,9,43,241742
LIFO,1600,5,6,33,241742
LIFO,1600,5,10,35,241741
LIFO,1600,5,12,21,241741
LIFO,1600,5,1,443,241750
LIFO,1600,5,7,34,241891
LIFO,1600,5,2,545,241892
LIFO,1600,5,3,44,241893
LIFO,1600,5,15,45,241890
LIFO,1600,5,8,32,241892
LIFO,1600,5,11,44,241891
LIFO,1600,5,14,34,241896
LIFO,1600,5,5,37,242041
LIFO,1600,5,4,43,242042
LIFO,1600,5,16,126,242040
LIFO,1600,2,11,30,243889
LIFO,1600,2,14,34,243888
LIFO,1600,2,7,30,243890
LIFO,1600,2,8,27,243890
LIFO,1600,2,13,22,243889
LIFO,1600,2,15,30,243888
LIFO,1600,2,10,33,243890
LIFO,1600,2,5,26,243891
LIFO,1600,2,16,32,243888
LIFO,1600,2,6,17,244041
LIFO,1600,2,3,181,244041
LIFO,1600,2,1,458,244191
LIFO,1600,2,9,13,244190
LIFO,1600,2,2,597,244191
LIFO,1600,2,4,26,244191
LIFO,1600,2,12,44,244189
LIFO,1600,4,2,580,244596
LIFO,1600,4,1,485,244597
LIFO,1600,4,12,27,244596
LIFO,1600,4,6,22,244597
LIFO,1600,4,5,34,244597
LIFO,1600,4,8,34,244596
LIFO,1600,4,16,133,244714
LIFO,1600,4,14,37,244723
LIFO,1600,4,9,22,244724
LIFO,1600,4,4,25,244872
LIFO,1600,4,13,27,244870
LIFO,1600,4,10,23,244872
LIFO,1600,4,11,36,244872
LIFO,1600,4,7,30,244873
LIFO,1600,4,3,50,244875
LIFO,1600,4,15,35,244873
FIFO,1600,1,2,20,255013
FIFO,1600,1,13,19,255011
FIFO,1600,1,15,19,255010
FIFO,1600,1,6,17,255012
FIFO,1600,1,1,1324,255013
FIFO,1600,1,14,17,255160
FIFO,1600,1,7,19,255162
FIFO,1600,1,11,14,255161
FIFO,1600,1,8,5,255162
FIFO,1600,1,9,25,255162
FIFO,1600,1,3,16,255163
FIFO,1600,1,4,19,255163
FIFO,1600,1,12,26,255161
FIFO,1600,1,5,16,255163
FIFO,1600,1,10,13,255312
FIFO,1600,1,16,31,255310
FIFO,1600,2,12,16,255739
FIFO,1600,2,4,13,255742
FIFO,1600,2,7,23,255740
FIFO,1600,2,6,16,255740
FIFO,1600,2,15,36,255738
FIFO,1600,2,13,9,255739
FIFO,1600,2,3,17,255742
FIFO,1600,2,5,19,255741
FIFO,1600,2,10,15,255883
FIFO,1600,2,1,1347,255886
FIFO,1600,2,16,21,255882
FIFO,1600,2,11,25,256038
FIFO,1600,2,14,14,256038
FIFO,1600,2,8,9,256040
FIFO,1600,2,2,14,256042
FIFO,1600,2,9,6,256040
FIFO,1600,5,8,30,256056
FIFO,1600,5,7,17,256206
FIFO,1600,5,15,18,256204
FIFO,1600,5,1,1318,256208
FIFO,1600,5,4,8,256207
FIFO,1600,5,10,38,256205
FIFO,1600,5,12,13,256204
FIFO,1600,5,9,24,256205
FIFO,1600,5,16,23,256203
FIFO,1600,5,3,15,256207
FIFO,1600,5,13,17,256204
FIFO,1600,5,2,25,256208
FIFO,1600,5,6,13,256207
FIFO,1600,5,11,9,256354
FIFO,1600,5,14,20,256354
FIFO,1600,5,5,12,256356
FIFO,1600,3,16,17,256962
FIFO,1600,3,6,25,256964
FIFO,1600,3,13,4,256963
FIFO,1600,3,12,21,256963
FIFO,1600,3,10,18,256963
FIFO,1600,3,8,18,256964
FIFO,1600,3,7,15,256964
FIFO,1600,3,1,1337,257115
FIFO,1600,3,3,20,257265
FIFO,1600,3,4,15,257265
FIFO,1600,3,2,28,257265
FIFO,1600,3,11,19,257263
FIFO,1600,3,15,15,257262
FIFO,1600,3,14,19,257262
FIFO,1600,3,9,22,257264
FIFO,1600,3,5,7,257264
FIFO,1600,4,9,17,258749
FIFO,1600,4,14,19,258748
FIFO,1600,4,3,18,258900
FIFO,1600,4,12,21,258897
FIFO,1600,4,11,16,258898
FIFO,1600,4,10,23,258899
FIFO,1600,4,1,1308,258901
FIFO,1600,4,4,19,258900
FIFO,1600,4,7,20,258900
FIFO,1600,4,8,13,258900
FIFO,1600,4,13,17,258898
FIFO,1600,4,15,26,258898
FIFO,1600,4,2,13,258902
FIFO,1600,4,5,33,259050
FIFO,1600,4,6,21,259050
FIFO,1600,4,16,16,259047
FIFO,1600,1,2,37,261136
FIFO,1600,1,1,1101,261263
FIFO,1600,1,14,30,261260
FIFO,1600,1,5,21,261264
FIFO,1600,1,8,19,261286
FIFO,1600,1,10,53,261285
FIFO,1600,1,12,22,261283
FIFO,1600,1,16,33,261282
FIFO,1600,1,6,48,261286
FIFO,1600,1,4,28,261286
FIFO,1600,1,9,33,261285
FIFO,1600,1,3,37,261286
FIFO,1600,1,13,30,261304
FIFO,1600,1,11,39,261306
FIFO,1600,1,7,34,261307
FIFO,1600,1,15,35,261314
FIFO,1600,5,6,28,262594
FIFO,1600,5,14,44,262592
FIFO,1600,5,8,27,262595
FIFO,1600,5,16,31,262593
FIFO,1600,5,12,22,262742
FIFO,1600,5,3,28,262743
FIFO,1600,5,4,17,262745
FIFO,1600,5,7,27,262744
FIFO,1600,5,5,32,262745
FIFO,1600,5,2,29,262745
FIFO,1600,5,11,48,262743
FIFO,1600,5,13,42,262743
FIFO,1600,5,15,43,262743
FIFO,1600,5,9,41,262744
FIFO,1600,5,10,42,262744
FIFO,1600,5,1,1099,262894
FIFO,1600,4,8,25,265896
FIFO,1600,4,13,39,265895
FIFO,1600,4,4,43,265897
FIFO,1600,4,6,37,265896
FIFO,1600,4,16,34,265894
FIFO,1600,4,10,25,265895
FIFO,1600,4,1,1099,265897
FIFO,1600,4,3,33,265897
FIFO,1600,4,14,22,265894
FIFO,1600,4,5,18,265896
FIFO,1600,4,7,37,265897
FIFO,1600,4,12,47,265895
FIFO,1600,4,2,38,265898
FIFO,1600,4,11,30,265896
FIFO,1600,4,15,38,265894
FIFO,1600,4,9,35,266046
FIFO,1600,4,14,33,267657
FIFO,1600,4,8,25,267659
FIFO,1600,4,1,1198,267661
FIFO,1600,4,4,32,267660
FIFO,1600,4,9,30,267660
FIFO,1600,4,12,16,267659
FIFO,1600,4,16,33,267658
FIFO,1600,4,5,38,267810
FIFO,1600,4,13,29,267809
FIFO,1600,4,3,28,267961
FIFO,1600,4,15,18,267957
FIFO,1600,4,7,27,267959
FIFO,1600,4,11,19,267958
FIFO,1600,4,10,25,267958
FIFO,1600,4,6,18,267960
FIFO,1600,4,2,31,267961
FIFO,1600,5,10,25,271706
FIFO,1600,5,4,28,271709
FIFO,1600,5,14,25,271851
FIFO,1600,5,2,27,271857
FIFO,1600,5,6,29,271856
FIFO,1600,5,12,34,271855
FIFO,1600,5,5,9,271856
FIFO,1600,5,15,23,271854
FIFO,1600,5,8,20,271857
FIFO,1600,5,3,22,271858
FIFO,1600,5,9,21,271856
FIFO,1600,5,16,27,271855
FIFO,1600,5,11,34,271856
FIFO,1600,5,7,41,271857
FIFO,1600,5,1,1195,271871
FIFO,1600,5,13,40,271869
FIFO,1600,3,1,1101,271158
FIFO,1600,3,5,39,271416
FIFO,1600,3,6,28,271428
FIFO,1600,3,16,33,271426
FIFO,1600,3,10,39,271428
FIFO,1600,3,3,45,271430
FIFO,1600,3,11,37,271427
FIFO,1600,3,14,25,271428
FIFO,1600,3,8,37,271429
FIFO,1600,3,13,42,271427
FIFO,1600,3,9,22,271429
FIFO,1600,3,12,16,271428
FIFO,1600,3,15,21,271428
FIFO,1600,3,2,31,271431
FIFO,1600,3,4,42,271431
FIFO,1600,3,7,42,271431
FIFO,1600,1,6,36,275643
FIFO,1600,1,15,23,275643
FIFO,1600,1,9,30,275644
FIFO,1600,1,4,27,275644
FIFO,1600,1,13,33,275643
FIFO,1600,1,12,20,275643
FIFO,1600,1,7,28,275644
FIFO,1600,1,16,20,275643
FIFO,1600,1,14,15,275643
FIFO,1600,1,3,28,275644
FIFO,1600,1,11,23,275643
FIFO,1600,1,10,42,275644
FIFO,1600,1,2,23,275645
FIFO,1600,1,8,21,275794
FIFO,1600,1,5,37,275794
FIFO,1600,1,1,1194,275795
FIFO,1600,2,13,39,276357
FIFO,1600,2,1,1191,276497
FIFO,1600,2,15,31,276494
FIFO,1600,2,16,26,276496
FIFO,1600,2,4,26,276499
FIFO,1600,2,9,30,276501
FIFO,1600,2,14,22,276501
FIFO,1600,2,7,27,276502
FIFO,1600,2,10,25,276501
FIFO,1600,2,6,16,276645
FIFO,1600,2,5,10,276646
FIFO,1600,2,11,31,276645
FIFO,1600,2,2,40,276648
FIFO,1600,2,12,15,276646
FIFO,1600,2,3,25,276648
FIFO,1600,2,8,46,276652
FIFO,1600,3,16,39,277599
FIFO,1600,3,10,25,277601
FIFO,1600,3,3,43,277602
FIFO,1600,3,9,22,277602
FIFO,1600,3,15,21,277600
FIFO,1600,3,2,23,277604
FIFO,1600,3,5,13,277603
FIFO,1600,3,6,40,277716
FIFO,1600,3,4,40,277748
FIFO,1600,3,8,23,277747
FIFO,1600,3,14,22,277745
FIFO,1600,3,1,1200,277752
FIFO,1600,3,12,26,277900
FIFO,1600,3,7,16,277902
FIFO,1600,3,11,29,277901
FIFO,1600,3,13,18,277901
FIFO,1600,2,4,39,280489
FIFO,1600,2,10,26,280489
FIFO,1600,2,7,43,280490
FIFO,1600,2,3,41,280640
FIFO,1600,2,13,24,280638
FIFO,1600,2,15,38,280637
FIFO,1600,2,5,25,280640
FIFO,1600,2,1,1099,280641
FIFO,1600,2,16,32,280638
FIFO,1600,2,14,21,280639
FIFO,1600,2,12,44,280639
FIFO,1600,2,8,16,280639
FIFO,1600,2,2,45,280641
FIFO,1600,2,11,27,280639
FIFO,1600,2,6,32,280640
FIFO,1600,2,9,48,280788
PRIO,1600,2,2,585,293769
PRIO,1600,2,6,23,293769
PRIO,1600,2,5,33,293770
PRIO,1600,2,10,19,293769
PRIO,1600,2,16,41,293769
PRIO,1600,2,12,25,293769
PRIO,1600,2,4,33,293770
PRIO,1600,2,11,30,293769
PRIO,1600,2,8,28,293770
PRIO,1600,2,3,26,293770
PRIO,1600,2,13,32,293769
PRIO,1600,2,9,31,293770
PRIO,1600,4,2,617,293686
PRIO,1600,4,8,33,293694
PRIO,1600,4,7,27,293694
PRIO,1600,4,13,22,293693
PRIO,1600,4,3,39,293695
PRIO,1600,4,12,21,293694
PRIO,1600,4,5,21,293695
PRIO,1600,4,14,23,293694
PRIO,1600,4,6,29,293695
PRIO,1600,4,15,28,293694
PRIO,1600,4,16,24,293694
PRIO,1600,2,7,24,293919
PRIO,1600,2,14,44,293919
PRIO,1600,2,15,23,293919
PRIO,1600,4,11,33,293825
PRIO,1600,4,4,29,293826
PRIO,1600,4,10,16,293826
PRIO,1600,2,1,603,294069
PRIO,1600,4,9,28,293961
PRIO,1600,4,1,610,293978
PRIO,1600,5,1,523,294578
PRIO,1600,5,7,38,294577
PRIO,1600,5,2,520,294727
PRIO,1600,5,6,36,294726
PRIO,1600,5,10,36,294876
PRIO,1600,5,5,34,294876
PRIO,1600,5,11,50,294875
PRIO,1600,5,13,50,294875
PRIO,1600,5,16,37,294875
PRIO,1600,5,4,29,294876
PRIO,1600,5,15,44,294875
PRIO,1600,5,12,41,294875
PRIO,1600,5,9,39,294876
PRIO,1600,5,3,41,294878
PRIO,1600,5,8,39,294876
PRIO,1600,5,14,43,294875
PRIO,1600,1,2,742,295886
PRIO,1600,1,10,7,295889
PRIO,1600,1,5,21,295890
PRIO,1600,1,8,4,295950
PRIO,1600,1,14,6,295962
PRIO,1600,1,7,6,295969
PRIO,1600,1,1,775,296042
PRIO,1600,1,16,3,296045
PRIO,1600,1,3,2,296047
PRIO,1600,1,12,4,296046
PRIO,1600,1,4,4,296047
PRIO,1600,1,13,5,296047
PRIO,1600,1,9,3,296049
PRIO,1600,1,15,4,296050
PRIO,1600,1,11,11,296052
PRIO,1600,1,6,3,296052
LIFO,1600,3,1,603,308320
LIFO,1600,3,4,29,308319
LIFO,1600,3,2,499,308321
LIFO,1600,3,5,27,308320
LIFO,1600,3,7,30,308319
LIFO,1600,3,9,31,308319
LIFO,1600,3,14,24,308467
LIFO,1600,3,13,36,308617
LIFO,1600,3,8,34,308618
LIFO,1600,3,6,23,308618
LIFO,1600,3,10,28,308618
LIFO,1600,3,15,30,308617
LIFO,1600,3,11,30,308618
LIFO,1600,3,3,126,308620
LIFO,1600,3,16,37,308618
LIFO,1600,3,12,13,308618
PRIO,1600,3,3,668,309285
PRIO,1600,3,1,687,309309
PRIO,1600,3,2,13,309395
PRIO,1600,3,13,13,309394
PRIO,1600,3,14,19,309409
PRIO,1600,3,5,18,309416
PRIO,1600,3,12,24,309417
PRIO,1600,3,7,20,309418
PRIO,1600,3,9,16,309418
PRIO,1600,3,8,15,309419
PRIO,1600,3,6,20,309419
PRIO,1600,3,16,18,309417
PRIO,1600,3,4,20,309535
PRIO,1600,3,10,13,309534
PRIO,1600,3,15,18,309539
PRIO,1600,3,11,18,309543
PRIO,1600,2,2,222,312448
PRIO,1600,2,7,30,312447
PRIO,1600,2,6,36,312596
PRIO,1600,2,5,40,312596
PRIO,1600,2,13,56,312594
PRIO,1600,2,12,40,312596
PRIO,1600,2,8,23,312597
PRIO,1600,2,14,59,312595
PRIO,1600,2,16,48,312593
PRIO,1600,2,3,35,312597
PRIO,1600,2,11,56,312597
PRIO,1600,2,4,37,312597
PRIO,1600,2,9,50,312597
PRIO,1600,2,15,49,312594
PRIO,1600,2,10,34,312597
LIFO,1600,5,2,607,312989
LIFO,1600,5,6,4,312997
LIFO,1600,5,12,13,313009
LIFO,1600,5,8,7,313010
LIFO,1600,5,9,10,313037
LIFO,1600,5,11,5,313067
LIFO,1600,5,5,8,313069
LIFO,1600,5,10,12,313067
LIFO,1600,5,14,6,313067
LIFO,1600,5,16,7,313066
LIFO,1600,5,15,8,313066
LIFO,1600,5,13,2,313068
LIFO,1600,5,4,6,313071
LIFO,1600,5,3,141,313082
LIFO,1600,5,1,754,313111
PRIO,1600,2,1,785,312748
LIFO,1600,5,7,10,313204
LIFO,1600,2,2,589,315829
LIFO,1600,2,6,7,315962
LIFO,1600,2,1,730,315972
LIFO,1600,2,15,14,315970
LIFO,1600,2,3,131,316026
LIFO,1600,2,8,13,316025
LIFO,1600,2,13,13,316103
LIFO,1600,2,4,13,316109
LIFO,1600,2,7,17,316109
LIFO,1600,2,11,10,316108
LIFO,1600,2,10,10,316109
LIFO,1600,2,9,17,316111
LIFO,1600,2,14,11,316110
LIFO,1600,2,12,10,316111
LIFO,1600,2,16,3,316110
LIFO,1600,2,5,12,316114
LIFO,1600,1,2,562,316457
LIFO,1600,1,16,18,316535
LIFO,1600,1,15,13,316537
LIFO,1600,1,3,136,316542
LIFO,1600,1,14,16,316558
LIFO,1600,1,10,20,316689
LIFO,1600,1,13,23,316689
LIFO,1600,1,4,15,316697
LIFO,1600,1,11,19,316696
LIFO,1600,1,12,18,316699
LIFO,1600,1,8,15,316711
LIFO,1600,1,6,13,316712
LIFO,1600,1,9,16,316713
LIFO,1600,1,7,16,316713
LIFO,1600,1,5,10,316715
LIFO,1600,1,1,690,316724
LIFO,1600,5,2,278,316784
LIFO,1600,5,14,13,316907
LIFO,1600,5,4,10,316910
LIFO,1600,5,6,8,316911
LIFO,1600,5,13,23,316908
LIFO,1600,5,10,12,316911
LIFO,1600,5,3,21,316912
LIFO,1600,5,5,20,316912
LIFO,1600,5,7,14,316911
LIFO,1600,5,8,30,316911
LIFO,1600,5,11,10,316910
LIFO,1600,5,15,17,316909
LIFO,1600,5,16,12,316909
LIFO,1600,5,9,9,316948
LIFO,1600,5,12,20,316951
LIFO,1600,5,1,1103,317071
LIFO,1600,4,2,273,317800
LIFO,1600,4,3,16,317817
LIFO,1600,4,10,11,317905
LIFO,1600,4,11,18,317914
LIFO,1600,4,12,19,317918
LIFO,1600,4,6,11,317920
LIFO,1600,4,16,28,317917
LIFO,1600,4,7,11,317921
LIFO,1600,4,13,17,317919
LIFO,1600,4,15,17,317918
LIFO,1600,4,5,22,317921
LIFO,1600,4,8,18,317921
LIFO,1600,4,1,1077,318067
LIFO,1600,4,9,17,318090
LIFO,1600,4,4,24,318091
LIFO,1600,4,14,21,318089
PRIO,1600,3,3,287,318421
PRIO,1600,3,12,14,318462
PRIO,1600,3,8,8,318521
PRIO,1600,3,7,14,318522
PRIO,1600,3,4,10,318602
PRIO,1600,3,14,8,318601
PRIO,1600,3,13,11,318605
PRIO,1600,3,5,17,318605
PRIO,1600,3,2,9,318606
PRIO,1600,3,15,7,318605
PRIO,1600,3,6,13,318607
PRIO,1600,3,9,15,318608
PRIO,1600,3,16,7,318608
PRIO,1600,3,11,15,318609
PRIO,1600,3,10,5,318609
PRIO,1600,3,1,1160,318681
PRIO,1600,1,2,280,319889
PRIO,1600,1,3,16,319966
PRIO,1600,1,10,10,319964
PRIO,1600,1,1,1134,320117
PRIO,1600,1,16,10,320154
PRIO,1600,1,14,10,320156
PRIO,1600,1,6,14,320160
PRIO,1600,1,4,13,320162
PRIO,1600,1,5,11,320161
PRIO,1600,1,11,20,320159
PRIO,1600,1,8,12,320161
PRIO,1600,1,15,12,320157
PRIO,1600,1,13,15,320158
PRIO,1600,1,7,16,320161
PRIO,1600,1,12,14,320159
PRIO,1600,1,9,13,320160
LIFO,1600,4,2,594,321215
LIFO,1600,4,15,12,321353
LIFO,1600,4,1,726,321389
LIFO,1600,4,14,11,321474
LIFO,1600,4,9,11,321476
LIFO,1600,4,16,15,321475
LIFO,1600,4,8,6,321476
LIFO,1600,4,13,10,321475
LIFO,1600,4,5,11,321478
LIFO,1600,4,6,14,321485
LIFO,1600,4,7,10,321484
LIFO,1600,4,11,8,321484
LIFO,1600,4,12,10,321484
LIFO,1600,4,10,19,321496
LIFO,1600,4,4,8,321499
LIFO,1600,4,3,135,321502
PRIO,1600,5,2,313,321288
PRIO,1600,5,1,1267,321428
PRIO,1600,5,3,3,321459
PRIO,1600,5,14,0,321461
PRIO,1600,5,7,0,321462
PRIO,1600,5,12,1,321462
PRIO,1600,5,15,1,321462
PRIO,1600,5,8,1,321463
PRIO,1600,5,6,1,321463
PRIO,1600,5,4,3,321463
PRIO,1600,5,11,0,321462
PRIO,1600,5,5,0,321463
PRIO,1600,5,10,1,321462
PRIO,1600,5,13,2,321562
PRIO,1600,5,16,4,321565
PRIO,1600,5,9,3,321568
LIFO,1600,3,2,299,322709
LIFO,1600,3,14,5,322724
LIFO,1600,3,4,5,322814
LIFO,1600,3,12,3,322809
LIFO,1600,3,5,4,322814
LIFO,1600,3,15,4,322807
LIFO,1600,3,13,5,322809
LIFO,1600,3,3,11,322819
LIFO,1600,3,8,7,322815
LIFO,1600,3,7,5,322815
LIFO,1600,3,11,1,322814
LIFO,1600,3,9,5,322815
LIFO,1600,3,16,8,322811
LIFO,1600,3,6,13,322816
LIFO,1600,3,10,2,322817
LIFO,1600,3,1,1223,322895
LIFO,1600,2,2,288,324451
LIFO,1600,2,1,1160,324494
LIFO,1600,2,13,17,324531
LIFO,1600,2,10,7,324534
LIFO,1600,2,14,11,324534
LIFO,1600,2,9,8,324537
LIFO,1600,2,4,6,324539
LIFO,1600,2,5,16,324539
LIFO,1600,2,11,8,324538
LIFO,1600,2,15,8,324536
LIFO,1600,2,16,16,324536
LIFO,1600,2,12,10,324539
LIFO,1600,2,8,12,324540
LIFO,1600,2,3,13,324542
LIFO,1600,2,7,11,324541
LIFO,1600,1,2,293,324644
LIFO,1600,2,6,9,324709
LIFO,1600,1,13,7,324736
LIFO,1600,1,16,11,324735
LIFO,1600,1,8,14,324738
LIFO,1600,1,3,9,324739
LIFO,1600,1,5,13,324739
LIFO,1600,1,6,4,324739
LIFO,1600,1,9,10,324737
LIFO,1600,1,14,12,324736
LIFO,1600,1,7,2,324739
LIFO,1600,1,11,10,324738
LIFO,1600,1,15,8,324740
LIFO,1600,1,10,8,324779
LIFO,1600,1,1,1171,324805
LIFO,1600,1,12,15,324870
LIFO,1600,1,4,13,324901
PRIO,1600,4,2,310,325950
PRIO,1600,4,1,1245,326062
PRIO,1600,4,3,5,326078
PRIO,1600,4,14,1,326092
PRIO,1600,4,12,1,326094
PRIO,1600,4,7,3,326095
PRIO,1600,4,10,5,326095
PRIO,1600,4,15,2,326092
PRIO,1600,4,9,4,326096
PRIO,1600,4,11,4,326096
PRIO,1600,4,13,4,326096
PRIO,1600,4,8,3,326097
PRIO,1600,4,16,2,326093
PRIO,1600,4,5,2,326097
PRIO,1600,4,4,3,326175
PRIO,1600,4,6,6,326201
