LENGTH,50
VERTEX,0
VERTEX,0
VERTEX,0
VERTEX,1
VERTEX,0
50,0.200000,8,PRIO,1.600000
50,0.200000,8,FIFO,1.600000
50,0.200000,8,LIFO,2.600000
VERTEX,1
VERTEX,1
VERTEX,0
VERTEX,0
VERTEX,0
50,0.500000,8,PRIO,3.000000
50,0.500000,8,FIFO,2.000000
50,0.500000,8,LIFO,3.000000
VERTEX,1
VERTEX,0
VERTEX,0
VERTEX,0
VERTEX,0
50,0.800000,8,PRIO,2.800000
50,0.800000,8,FIFO,8.400000
50,0.800000,8,LIFO,1.400000
LENGTH,100
VERTEX,0
VERTEX,0
VERTEX,0
VERTEX,0
VERTEX,1
100,0.200000,8,PRIO,3.400000
100,0.200000,8,FIFO,2.000000
100,0.200000,8,LIFO,1.800000
VERTEX,0
VERTEX,0
VERTEX,1
VERTEX,0
VERTEX,1
100,0.500000,8,PRIO,5.600000
100,0.500000,8,FIFO,1.400000
100,0.500000,8,LIFO,2.000000
VERTEX,1
VERTEX,0
VERTEX,0
VERTEX,1
VERTEX,0
100,0.800000,8,PRIO,1.800000
100,0.800000,8,FIFO,1.600000
100,0.800000,8,LIFO,1.400000
LENGTH,200
VERTEX,0
VERTEX,0
VERTEX,0
VERTEX,0
VERTEX,0
200,0.200000,8,PRIO,2.000000
200,0.200000,8,FIFO,1.600000
200,0.200000,8,LIFO,1.800000
VERTEX,0
VERTEX,0
VERTEX,0
VERTEX,1
VERTEX,1
200,0.500000,8,PRIO,1.800000
200,0.500000,8,FIFO,2.000000
200,0.500000,8,LIFO,2.000000
VERTEX,1
VERTEX,0
VERTEX,0
VERTEX,0
VERTEX,0
200,0.800000,8,PRIO,1.600000
200,0.800000,8,FIFO,2.200000
200,0.800000,8,LIFO,2.200000
LENGTH,400
VERTEX,0
VERTEX,0
VERTEX,0
VERTEX,0
VERTEX,0
400,0.200000,8,PRIO,1.600000
400,0.200000,8,FIFO,1.400000
400,0.200000,8,LIFO,2.200000
VERTEX,1
VERTEX,1
VERTEX,1
VERTEX,1
VERTEX,1
400,0.500000,8,PRIO,1.400000
400,0.500000,8,FIFO,1.600000
400,0.500000,8,LIFO,2.000000
VERTEX,2
VERTEX,1
VERTEX,1
VERTEX,1
VERTEX,1
400,0.800000,8,PRIO,1.000000
400,0.800000,8,FIFO,1.400000
400,0.800000,8,LIFO,2.200000
LENGTH,800
VERTEX,1
VERTEX,1
VERTEX,1
VERTEX,1
VERTEX,1
800,0.200000,8,PRIO,1.000000
800,0.200000,8,FIFO,1.800000
800,0.200000,8,LIFO,1.600000
VERTEX,2
VERTEX,2
VERTEX,2
VERTEX,3
VERTEX,3
800,0.500000,8,PRIO,1.000000
800,0.500000,8,FIFO,1.400000
800,0.500000,8,LIFO,1.600000
VERTEX,5
VERTEX,4
VERTEX,4
VERTEX,5
VERTEX,4
800,0.800000,8,PRIO,1.000000
800,0.800000,8,FIFO,1.000000
800,0.800000,8,LIFO,1.600000
LENGTH,1600
VERTEX,8
VERTEX,5
VERTEX,6
VERTEX,7
VERTEX,6
1600,0.200000,8,PRIO,1.000000
1600,0.200000,8,FIFO,1.000000
1600,0.200000,8,LIFO,1.800000
VERTEX,25
VERTEX,22
VERTEX,22
VERTEX,24
VERTEX,19
1600,0.500000,8,PRIO,1.000000
1600,0.500000,8,FIFO,1.200000
1600,0.500000,8,LIFO,1.800000
VERTEX,39
VERTEX,36
VERTEX,36
VERTEX,37
VERTEX,41
1600,0.800000,8,PRIO,1.200000
1600,0.800000,8,FIFO,1.800000
1600,0.800000,8,LIFO,2.200000
LIFO,50,1,2,16,5956
PRIO,50,2,3,20,6153
LIFO,50,1,1,21,6106
PRIO,50,2,6,1,6160
PRIO,50,2,7,1,6159
PRIO,50,2,5,4,6160
PRIO,50,2,4,1,6159
PRIO,50,5,2,17,6153
PRIO,50,5,7,1,6152
PRIO,50,5,8,1,6152
PRIO,50,5,4,2,6157
PRIO,50,5,6,3,6159
LIFO,50,1,5,1,6153
LIFO,50,1,8,2,6153
LIFO,50,1,7,1,6152
LIFO,50,1,4,4,6153
LIFO,50,1,6,4,6153
LIFO,50,1,3,1,6153
PRIO,50,2,1,13,6304
PRIO,50,2,8,2,6305
PRIO,50,2,2,8,6306
PRIO,50,5,3,11,6307
PRIO,50,5,1,13,6307
PRIO,50,5,5,2,6307
PRIO,50,3,6,9,6456
PRIO,50,3,8,18,6457
LIFO,50,2,1,23,6461
PRIO,50,3,5,2,6603
LIFO,50,2,2,16,6603
LIFO,50,2,6,4,6602
LIFO,50,2,8,1,6601
PRIO,50,3,1,14,6754
PRIO,50,3,7,2,6760
PRIO,50,3,4,2,6760
PRIO,50,3,2,3,6761
PRIO,50,3,3,0,6760
PRIO,50,4,3,20,6761
LIFO,50,4,3,17,6703
LIFO,50,2,4,0,6756
LIFO,50,2,3,1,6757
LIFO,50,2,7,4,6755
LIFO,50,2,5,1,6756
PRIO,50,4,4,1,6903
PRIO,50,4,6,1,6903
PRIO,50,4,7,1,6903
PRIO,50,4,8,2,6902
LIFO,50,5,4,15,6847
PRIO,50,4,2,9,6911
LIFO,50,4,8,1,6850
LIFO,50,5,3,2,6903
LIFO,50,5,6,5,6909
LIFO,50,5,2,3,6910
PRIO,50,4,5,1,7053
PRIO,50,4,1,15,7054
LIFO,50,4,4,1,7002
LIFO,50,4,7,1,7001
LIFO,50,4,6,3,7001
LIFO,50,4,1,21,7003
LIFO,50,4,5,4,7001
LIFO,50,4,2,2,7002
LIFO,50,5,1,22,7054
LIFO,50,5,8,1,7062
LIFO,50,5,5,1,7063
LIFO,50,5,7,1,7063
LIFO,50,3,8,2,7215
LIFO,50,3,7,3,7215
LIFO,50,3,3,15,7222
LIFO,50,3,4,1,7355
LIFO,50,3,2,1,7355
LIFO,50,3,6,4,7365
LIFO,50,2,6,3,7352
LIFO,50,2,8,2,7351
FIFO,50,1,8,2,7505
LIFO,50,3,1,20,7507
LIFO,50,3,5,4,7517
LIFO,50,2,1,14,7503
LIFO,50,4,1,16,7551
FIFO,50,1,6,0,7656
FIFO,50,1,7,1,7656
FIFO,50,1,2,1,7656
FIFO,50,1,3,6,7656
FIFO,50,1,5,4,7656
FIFO,50,1,1,35,7656
LIFO,50,2,5,2,7652
LIFO,50,2,4,4,7652
LIFO,50,2,3,3,7652
LIFO,50,2,2,20,7653
LIFO,50,2,7,2,7652
LIFO,50,4,4,3,7700
LIFO,50,4,7,2,7699
LIFO,50,4,3,22,7706
FIFO,50,1,4,1,7806
PRIO,50,3,6,3,7802
PRIO,50,3,1,15,7810
LIFO,50,4,8,2,7852
LIFO,50,4,5,1,7852
LIFO,50,4,2,2,7853
LIFO,50,4,6,2,7852
PRIO,50,3,4,4,7952
PRIO,50,3,7,1,7952
PRIO,50,3,2,21,7953
PRIO,50,3,8,1,7952
PRIO,50,3,3,2,7952
PRIO,50,1,3,2,8115
PRIO,50,1,1,13,8123
PRIO,50,3,5,3,8102
PRIO,50,1,5,1,8262
PRIO,50,1,7,10,8262
PRIO,50,1,6,2,8262
PRIO,50,4,1,24,8256
PRIO,50,1,2,3,8413
PRIO,50,1,8,1,8412
PRIO,50,1,4,18,8415
FIFO,50,1,3,2,8253
FIFO,50,1,2,4,8288
FIFO,50,1,1,34,8293
PRIO,50,4,7,3,8402
PRIO,50,4,3,2,8405
PRIO,50,4,4,1,8402
PRIO,50,4,2,13,8406
PRIO,50,4,5,3,8403
PRIO,50,4,7,2,8402
PRIO,50,4,8,2,8402
FIFO,50,1,6,1,8402
FIFO,50,1,4,0,8403
FIFO,50,1,7,1,8402
PRIO,50,4,1,18,8555
PRIO,50,4,6,3,8552
PRIO,50,5,1,33,8570
FIFO,50,1,5,2,8552
FIFO,50,1,8,6,8552
LIFO,50,3,1,27,8553
PRIO,50,4,6,0,8702
PRIO,50,4,2,21,8704
PRIO,50,4,4,2,8702
PRIO,50,4,8,1,8702
PRIO,50,4,5,1,8703
PRIO,50,4,3,4,8710
FIFO,50,5,2,2,8702
LIFO,50,3,1,18,8712
LIFO,50,3,4,2,8730
LIFO,50,3,8,4,8730
LIFO,50,2,1,29,8733
FIFO,50,5,4,1,8821
LIFO,50,3,2,23,8816
PRIO,50,5,2,11,8789
FIFO,50,5,6,0,8851
FIFO,50,5,8,0,8851
FIFO,50,5,5,4,8853
FIFO,50,5,7,3,8852
LIFO,50,3,6,1,8854
LIFO,50,3,8,1,8853
LIFO,50,3,7,2,8854
LIFO,50,3,5,1,8854
PRIO,50,5,4,0,8855
PRIO,50,5,3,3,8857
PRIO,50,5,6,1,8856
PRIO,50,5,5,1,8856
PRIO,50,5,7,1,8855
FIFO,50,2,1,40,9029
FIFO,50,2,7,1,9028
FIFO,50,2,3,1,9028
LIFO,50,3,2,10,8881
LIFO,50,3,3,3,8881
LIFO,50,3,7,0,8881
LIFO,50,3,6,2,8881
LIFO,50,3,5,2,8881
LIFO,50,2,3,3,8883
LIFO,50,2,6,1,8884
LIFO,50,2,4,3,8884
LIFO,50,2,7,2,8883
LIFO,50,2,5,1,8884
LIFO,50,5,1,26,8884
FIFO,50,5,1,38,8973
FIFO,50,5,3,2,8972
PRIO,50,5,1,17,8987
PRIO,50,5,8,3,8985
PRIO,50,5,5,0,8985
PRIO,50,5,2,20,8987
PRIO,50,5,4,3,8985
PRIO,50,5,3,1,8985
PRIO,50,1,6,2,9013
PRIO,50,5,8,0,8949
LIFO,50,3,4,2,9003
LIFO,50,3,3,2,9003
LIFO,50,5,1,15,9005
PRIO,50,5,7,4,9079
LIFO,50,2,8,1,9001
LIFO,50,2,2,10,9002
FIFO,50,2,2,0,9159
FIFO,50,2,5,2,9159
FIFO,50,2,4,0,9159
FIFO,50,2,6,6,9159
FIFO,50,2,8,0,9158
PRIO,50,1,1,16,9152
LIFO,50,5,7,3,9032
LIFO,50,5,6,2,9032
LIFO,50,1,1,20,9154
LIFO,50,1,2,20,9154
LIFO,50,5,8,4,9151
LIFO,50,5,2,20,9155
LIFO,50,5,6,2,9152
FIFO,50,2,2,5,9154
FIFO,50,5,1,40,9322
FIFO,50,5,4,1,9322
FIFO,50,4,1,40,9326
FIFO,50,4,6,1,9324
FIFO,50,5,5,1,9321
FIFO,50,5,6,1,9321
FIFO,50,4,2,1,9326
FIFO,50,5,2,1,9321
LIFO,50,1,8,2,9188
LIFO,50,5,8,4,9182
LIFO,50,1,3,2,9188
FIFO,50,2,7,3,9194
LIFO,50,1,5,0,9188
LIFO,50,5,5,0,9183
LIFO,50,5,4,1,9182
LIFO,50,5,3,4,9182
LIFO,50,1,4,0,9188
FIFO,50,3,2,4,9193
FIFO,50,3,1,34,9194
FIFO,50,2,8,2,9194
LIFO,50,5,2,10,9183
FIFO,50,3,3,3,9193
LIFO,50,1,1,27,9189
PRIO,50,5,6,2,9286
PRIO,50,1,4,3,9303
PRIO,50,1,2,23,9305
PRIO,50,1,8,1,9303
PRIO,50,1,3,0,9303
PRIO,50,1,7,2,9303
PRIO,50,1,5,3,9303
FIFO,50,2,2,5,9303
LIFO,50,5,5,3,9302
LIFO,50,5,3,3,9302
LIFO,50,5,4,2,9302
LIFO,50,5,7,1,9301
FIFO,50,2,4,1,9369
FIFO,50,2,6,1,9369
FIFO,50,2,4,0,9303
FIFO,50,2,6,0,9303
FIFO,50,2,3,3,9304
FIFO,50,3,5,0,9303
FIFO,50,5,8,0,9453
FIFO,50,5,7,4,9453
FIFO,50,4,8,0,9455
FIFO,50,4,4,0,9456
FIFO,50,4,5,5,9454
FIFO,50,5,3,2,9473
FIFO,50,3,8,3,9476
FIFO,50,4,7,2,9474
PRIO,50,2,1,18,9445
LIFO,50,4,1,26,9334
FIFO,50,2,1,33,9345
FIFO,50,2,5,4,9344
PRIO,50,1,1,24,9401
PRIO,50,1,7,2,9399
PRIO,50,2,7,0,9460
PRIO,50,2,8,2,9460
PRIO,50,2,3,1,9461
PRIO,50,2,4,1,9460
FIFO,50,2,3,0,9453
FIFO,50,2,5,0,9453
FIFO,50,2,8,3,9453
LIFO,50,1,5,0,9453
LIFO,50,1,4,4,9453
LIFO,50,1,8,1,9452
LIFO,50,1,6,1,9452
LIFO,50,1,3,2,9453
LIFO,50,1,7,2,9452
FIFO,50,3,4,2,9453
FIFO,50,4,2,5,9458
LIFO,50,1,7,5,9481
FIFO,50,4,3,1,9625
LIFO,50,1,2,12,9482
FIFO,50,3,5,2,9627
FIFO,50,3,3,4,9627
FIFO,50,3,2,1,9627
FIFO,50,3,4,0,9627
FIFO,50,3,6,1,9626
LIFO,50,1,6,2,9482
LIFO,50,4,8,3,9478
LIFO,50,4,3,5,9479
LIFO,50,4,5,1,9478
LIFO,50,4,6,1,9478
LIFO,50,4,4,3,9479
LIFO,50,4,2,9,9479
FIFO,50,4,5,1,9489
FIFO,50,3,7,3,9490
FIFO,50,3,6,3,9491
FIFO,50,3,8,1,9491
PRIO,50,1,6,4,9549
PRIO,50,1,4,4,9549
PRIO,50,1,5,1,9549
PRIO,50,1,8,1,9549
PRIO,50,1,2,10,9551
PRIO,50,1,3,4,9550
FIFO,50,2,1,38,9581
FIFO,50,2,7,2,9581
PRIO,50,2,6,3,9604
PRIO,50,2,5,2,9604
PRIO,50,2,2,23,9605
FIFO,50,1,2,5,9607
PRIO,50,2,1,25,9605
PRIO,50,2,4,5,9604
PRIO,50,2,2,10,9604
PRIO,50,2,6,1,9603
PRIO,50,2,3,3,9604
PRIO,50,2,5,4,9603
PRIO,50,2,7,1,9603
FIFO,50,1,5,1,9672
FIFO,50,4,8,1,9606
FIFO,50,4,6,2,9607
FIFO,50,4,7,3,9607
FIFO,50,4,4,0,9608
LIFO,50,4,7,2,9602
FIFO,50,3,1,38,9757
FIFO,50,3,7,1,9756
FIFO,50,4,3,5,9642
FIFO,50,4,1,33,9642
PRIO,50,3,1,27,9710
FIFO,50,1,3,0,9756
FIFO,50,1,7,0,9755
FIFO,50,1,4,2,9756
FIFO,50,1,1,38,9757
PRIO,50,2,8,1,9753
FIFO,50,5,2,3,9786
FIFO,50,5,7,4,9785
FIFO,50,5,1,34,9788
FIFO,50,1,8,2,9882
FIFO,50,1,6,2,9883
PRIO,50,3,8,2,9846
PRIO,50,3,6,5,9846
FIFO,50,3,2,5,9903
FIFO,50,3,3,1,9902
PRIO,50,3,7,2,9917
PRIO,50,3,4,2,9918
PRIO,50,3,3,1,9918
PRIO,50,3,2,10,9919
PRIO,50,3,5,1,9918
FIFO,50,3,8,1,9966
FIFO,50,5,8,2,9912
FIFO,50,5,5,1,9913
FIFO,50,5,6,2,9912
FIFO,50,5,3,3,9941
FIFO,50,3,6,2,10052
FIFO,50,3,4,0,10053
FIFO,50,3,5,2,10117
FIFO,50,3,1,38,10122
FIFO,50,5,4,1,10063
FIFO,50,3,7,1,10202
FIFO,50,4,6,4,11104
FIFO,50,4,2,3,11105
FIFO,50,4,8,0,11253
FIFO,50,4,7,0,11254
FIFO,50,4,5,3,11254
FIFO,50,4,4,1,11404
FIFO,50,4,1,35,11405
FIFO,50,4,3,4,11405
LIFO,100,1,4,9,11785
LIFO,100,1,5,3,11934
LIFO,100,1,8,5,11934
LIFO,100,1,6,1,11934
LIFO,100,1,2,44,11935
LIFO,100,1,7,7,12084
LIFO,100,1,3,11,12085
LIFO,100,1,1,20,12085
LIFO,100,3,4,4,12844
LIFO,100,3,1,20,12844
LIFO,100,3,8,12,12843
LIFO,100,3,3,9,12994
LIFO,100,3,7,3,12993
LIFO,100,3,2,46,12994
LIFO,100,3,6,3,12994
LIFO,100,3,5,3,12994
LIFO,100,2,1,33,13209
LIFO,100,2,2,46,13210
PRIO,100,5,2,38,13296
PRIO,100,4,8,10,13303
PRIO,100,4,1,19,13306
PRIO,100,1,1,28,13371
PRIO,100,1,2,45,13370
LIFO,100,2,8,2,13358
LIFO,100,2,7,3,13358
LIFO,100,2,4,2,13359
LIFO,100,2,6,5,13358
LIFO,100,2,3,6,13359
PRIO,100,5,7,7,13443
PRIO,100,5,4,14,13444
PRIO,100,5,1,24,13446
PRIO,100,5,3,3,13444
PRIO,100,5,6,4,13444
PRIO,100,4,2,37,13469
PRIO,100,4,6,6,13467
PRIO,100,4,5,7,13467
PRIO,100,4,7,1,13466
PRIO,100,4,3,1,13467
PRIO,100,4,4,19,13467
PRIO,100,2,1,21,13505
PRIO,100,1,6,1,13517
LIFO,100,2,5,3,13508
PRIO,100,5,5,3,13594
PRIO,100,5,8,7,13593
PRIO,100,2,6,6,13653
PRIO,100,2,2,38,13656
PRIO,100,1,5,18,13667
PRIO,100,1,8,2,13668
PRIO,100,1,7,3,13668
PRIO,100,1,4,0,13669
PRIO,100,1,3,3,13670
PRIO,100,2,4,5,13803
PRIO,100,2,8,0,13803
PRIO,100,2,3,20,13805
PRIO,100,2,5,5,13803
PRIO,100,2,7,5,13803
LIFO,100,4,2,43,13874
LIFO,100,4,7,8,13874
LIFO,100,4,3,3,14024
LIFO,100,4,6,6,14024
LIFO,100,4,5,6,14024
LIFO,100,4,8,10,14023
LIFO,100,5,5,5,14028
LIFO,100,5,1,21,14042
LIFO,100,4,1,22,14175
LIFO,100,4,4,2,14174
PRIO,100,3,7,5,14209
LIFO,100,5,6,4,14192
LIFO,100,5,3,6,14192
PRIO,100,1,8,3,14185
PRIO,100,1,6,3,14185
PRIO,100,1,5,3,14185
PRIO,100,1,1,56,14186
LIFO,100,5,4,2,14328
LIFO,100,5,8,7,14327
LIFO,100,5,7,11,14327
LIFO,100,5,2,44,14328
PRIO,100,3,6,5,14359
PRIO,100,3,2,40,14362
PRIO,100,3,8,3,14359
PRIO,100,3,5,4,14359
PRIO,100,3,1,20,14362
PRIO,100,3,3,4,14359
PRIO,100,3,4,19,14360
PRIO,100,1,4,5,14486
PRIO,100,1,7,4,14486
PRIO,100,1,2,18,14486
PRIO,100,1,3,8,14486
PRIO,100,2,1,50,15577
FIFO,100,3,3,3,15707
FIFO,100,3,1,74,15708
FIFO,100,3,2,11,15707
PRIO,100,2,6,4,15723
PRIO,100,2,4,4,15724
PRIO,100,2,8,2,15723
FIFO,100,3,4,0,15857
FIFO,100,3,7,6,15856
FIFO,100,3,5,5,15857
FIFO,100,3,8,0,15856
PRIO,100,2,5,6,15873
PRIO,100,2,3,2,15873
PRIO,100,2,7,4,15873
PRIO,100,2,2,28,15876
PRIO,100,5,3,10,15866
PRIO,100,2,2,14,15920
PRIO,100,2,1,53,15920
PRIO,100,2,6,2,15919
FIFO,100,4,2,4,16004
FIFO,100,4,5,2,16003
FIFO,100,3,6,1,16006
PRIO,100,5,1,42,16017
FIFO,100,4,3,4,16154
FIFO,100,4,7,3,16153
FIFO,100,4,4,5,16153
FIFO,100,4,6,4,16153
FIFO,100,1,5,1,16162
FIFO,100,4,1,76,16200
FIFO,100,4,8,2,16200
PRIO,100,5,4,7,16166
PRIO,100,5,5,3,16154
PRIO,100,5,6,2,16153
PRIO,100,5,2,25,16166
PRIO,100,5,8,6,16153
PRIO,100,5,7,5,16153
FIFO,100,1,4,5,16303
FIFO,100,5,2,6,16301
PRIO,100,2,5,9,16219
PRIO,100,2,8,4,16219
PRIO,100,2,4,7,16219
PRIO,100,2,7,5,16219
PRIO,100,2,3,6,16220
FIFO,100,1,2,5,16311
FIFO,100,1,3,1,16312
FIFO,100,5,1,83,16351
FIFO,100,1,1,83,16360
FIFO,100,5,5,0,16450
FIFO,100,5,7,2,16450
FIFO,100,5,6,3,16450
FIFO,100,5,3,3,16452
FIFO,100,5,4,2,16452
FIFO,100,1,8,0,16460
FIFO,100,1,7,2,16460
FIFO,100,1,6,3,16462
PRIO,100,4,1,50,16469
FIFO,100,1,2,7,16408
LIFO,100,1,5,5,16521
LIFO,100,1,3,6,16521
LIFO,100,1,1,51,16522
LIFO,100,1,2,30,16521
LIFO,100,1,6,1,16520
FIFO,100,5,8,1,16599
PRIO,100,4,3,3,16569
PRIO,100,4,2,31,16570
FIFO,100,2,2,7,16610
PRIO,100,4,8,4,16612
FIFO,100,1,1,66,16555
FIFO,100,1,5,5,16554
FIFO,100,1,4,0,16555
FIFO,100,1,3,6,16555
FIFO,100,1,6,2,16554
FIFO,100,1,7,6,16554
LIFO,100,1,4,1,16671
PRIO,100,4,6,2,16718
PRIO,100,4,7,5,16717
PRIO,100,4,5,3,16718
PRIO,100,4,4,2,16717
FIFO,100,2,5,0,16759
FIFO,100,2,6,0,16759
FIFO,100,2,8,2,16758
FIFO,100,2,7,3,16758
FIFO,100,2,4,2,16759
FIFO,100,2,3,2,16760
FIFO,100,5,1,77,16742
FIFO,100,1,8,8,16707
FIFO,100,2,1,84,16809
FIFO,100,5,5,3,16742
FIFO,100,5,7,2,16765
LIFO,100,1,7,2,16820
LIFO,100,1,8,4,16820
FIFO,100,2,2,8,16806
FIFO,100,2,6,1,16807
LIFO,100,5,1,64,16807
FIFO,100,5,2,3,16975
FIFO,100,5,4,3,16974
FIFO,100,5,8,4,16973
FIFO,100,5,6,5,16974
FIFO,100,5,3,3,16974
FIFO,100,2,7,3,16956
FIFO,100,2,5,7,16956
FIFO,100,2,4,5,16957
FIFO,100,2,8,5,16957
FIFO,100,2,3,3,16957
LIFO,100,5,8,3,16954
LIFO,100,5,7,3,16954
LIFO,100,5,4,1,16954
LIFO,100,5,6,0,16954
LIFO,100,4,1,51,17032
LIFO,100,4,3,7,17032
FIFO,100,2,1,68,17008
FIFO,100,5,2,8,17104
LIFO,100,5,5,6,17105
LIFO,100,5,3,6,17106
LIFO,100,5,2,17,17106
LIFO,100,4,6,2,17179
LIFO,100,4,2,33,17183
LIFO,100,4,7,2,17270
LIFO,100,4,5,1,17270
LIFO,100,4,8,2,17270
LIFO,100,4,4,2,17270
FIFO,100,5,4,6,17254
FIFO,100,5,5,6,17254
FIFO,100,5,7,4,17253
FIFO,100,5,3,4,17254
FIFO,100,5,8,2,17253
FIFO,100,5,6,2,17255
FIFO,100,5,1,68,17303
FIFO,100,1,2,6,17437
FIFO,100,3,2,3,17405
PRIO,100,3,1,41,17477
FIFO,100,1,1,74,17500
FIFO,100,1,5,2,17586
FIFO,100,1,6,0,17586
FIFO,100,1,4,7,17587
FIFO,100,1,3,4,17587
FIFO,100,3,7,5,17553
FIFO,100,3,5,6,17555
FIFO,100,3,6,4,17553
FIFO,100,3,8,7,17554
FIFO,100,3,4,4,17555
FIFO,100,3,3,3,17556
PRIO,100,3,2,23,17627
FIFO,100,1,7,4,17601
FIFO,100,3,1,68,17614
FIFO,100,1,8,3,17736
PRIO,100,3,5,9,17774
PRIO,100,3,6,3,17774
PRIO,100,3,3,7,17776
PRIO,100,3,8,8,17773
PRIO,100,3,4,6,17774
PRIO,100,3,7,3,17774
LIFO,100,3,1,53,17887
FIFO,100,4,3,6,18005
FIFO,100,4,2,9,18005
LIFO,100,3,4,6,18037
LIFO,100,3,2,30,18184
FIFO,100,4,7,2,18154
FIFO,100,4,4,8,18155
FIFO,100,4,8,2,18154
LIFO,100,3,3,3,18185
FIFO,100,4,5,4,18154
LIFO,100,3,6,2,18184
LIFO,100,3,5,3,18185
LIFO,100,3,7,1,18184
LIFO,100,3,8,2,18184
FIFO,100,3,2,5,18197
FIFO,100,4,1,68,18201
FIFO,100,4,6,1,18304
FIFO,100,3,6,3,18347
FIFO,100,3,7,5,18347
FIFO,100,3,5,3,18347
FIFO,100,3,1,73,18348
LIFO,100,5,1,55,18389
PRIO,100,3,1,71,18383
FIFO,100,2,1,73,18515
FIFO,100,3,4,5,18513
FIFO,100,3,8,3,18513
FIFO,100,3,3,3,18514
PRIO,100,3,4,2,18485
PRIO,100,3,5,0,18485
PRIO,100,3,3,4,18485
PRIO,100,3,6,3,18484
LIFO,100,3,1,77,18499
LIFO,100,5,7,2,18532
LIFO,100,5,8,1,18531
LIFO,100,5,6,2,18532
LIFO,100,5,5,6,18532
LIFO,100,5,4,3,18532
LIFO,100,5,3,4,18532
LIFO,100,1,4,5,18616
LIFO,100,1,6,5,18616
LIFO,100,1,3,8,18617
LIFO,100,1,5,7,18617
LIFO,100,1,8,7,18615
LIFO,100,1,1,53,18616
LIFO,100,1,7,0,18616
FIFO,100,2,3,5,18665
FIFO,100,2,2,3,18665
FIFO,100,2,5,5,18665
FIFO,100,2,6,1,18664
FIFO,100,2,7,1,18664
FIFO,100,2,4,6,18665
LIFO,100,3,2,17,18648
LIFO,100,5,2,27,18683
PRIO,100,3,2,16,18676
PRIO,100,3,8,2,18676
PRIO,100,3,7,2,18676
LIFO,100,3,6,2,18659
LIFO,100,3,4,1,18659
FIFO,100,2,8,6,18798
LIFO,100,1,2,15,18756
LIFO,100,3,8,1,18771
LIFO,100,3,5,1,18772
LIFO,100,3,7,1,18771
LIFO,100,3,3,0,18772
PRIO,100,4,1,77,19084
PRIO,100,4,2,16,19232
PRIO,100,4,5,4,19287
PRIO,100,4,7,1,19287
PRIO,100,4,3,1,19366
PRIO,100,4,6,0,19366
PRIO,100,4,4,1,19366
PRIO,100,4,8,0,19366
PRIO,100,5,1,81,19366
LIFO,100,4,1,71,19371
PRIO,100,5,2,16,19435
FIFO,100,4,2,7,19468
LIFO,100,2,1,48,19533
LIFO,100,4,2,15,19521
FIFO,100,4,1,72,19594
FIFO,100,4,7,1,19604
FIFO,100,4,6,3,19604
FIFO,100,4,4,3,19604
FIFO,100,4,3,7,19604
PRIO,100,5,8,1,19571
PRIO,100,5,4,1,19573
LIFO,100,4,4,2,19557
LIFO,100,4,3,4,19558
LIFO,100,2,3,3,19657
LIFO,100,2,6,3,19656
LIFO,100,2,7,5,19656
LIFO,100,2,2,32,19667
PRIO,100,5,3,1,19657
PRIO,100,5,7,0,19656
PRIO,100,5,5,0,19657
PRIO,100,5,6,0,19656
LIFO,100,4,8,3,19670
LIFO,100,4,5,3,19670
LIFO,100,4,6,2,19670
LIFO,100,4,7,0,19670
FIFO,100,4,5,3,19743
PRIO,100,1,7,5,19784
PRIO,100,1,1,42,19786
FIFO,100,4,8,4,19767
LIFO,100,2,5,2,19828
LIFO,100,2,8,4,19827
LIFO,100,2,4,3,19828
PRIO,100,1,8,7,19934
PRIO,100,1,2,22,19936
PRIO,100,1,4,10,20086
PRIO,100,1,5,5,20086
PRIO,100,1,3,5,20086
PRIO,100,1,6,4,20084
LIFO,100,2,1,81,20343
LIFO,100,2,2,16,20426
LIFO,100,2,8,1,20460
LIFO,100,2,5,1,20461
LIFO,100,2,3,0,20575
LIFO,100,2,7,1,20575
LIFO,100,2,4,0,20575
LIFO,100,2,6,0,20576
PRIO,200,2,2,68,25677
PRIO,200,2,4,13,25826
PRIO,200,2,6,8,25825
PRIO,200,3,5,10,25970
PRIO,200,2,3,19,25976
PRIO,200,2,8,23,25975
PRIO,200,2,7,12,25976
PRIO,200,3,2,89,25974
PRIO,200,2,5,6,25978
PRIO,200,2,1,51,25978
PRIO,200,3,7,6,26117
PRIO,200,3,4,7,26118
PRIO,200,3,8,10,26120
PRIO,200,3,3,14,26121
PRIO,200,3,1,57,26268
PRIO,200,3,6,7,26270
LIFO,200,1,7,14,27670
LIFO,200,1,1,47,27671
LIFO,200,1,2,83,27822
LIFO,200,1,4,11,27821
LIFO,200,1,6,11,27821
LIFO,200,1,5,6,27821
LIFO,200,1,8,7,27821
LIFO,200,1,3,21,27963
PRIO,200,4,6,10,28067
PRIO,200,4,8,17,28216
PRIO,200,4,2,81,28222
PRIO,200,4,7,11,28367
PRIO,200,4,3,11,28368
PRIO,200,4,1,53,28372
PRIO,200,4,4,13,28517
PRIO,200,4,5,4,28517
LIFO,200,3,7,17,28576
LIFO,200,3,1,53,28578
LIFO,200,3,6,7,28577
LIFO,200,3,2,70,28579
LIFO,200,3,3,19,28718
LIFO,200,3,8,7,28716
PRIO,200,1,5,5,28828
PRIO,200,1,4,12,28830
LIFO,200,3,5,14,28876
LIFO,200,3,4,13,28877
PRIO,200,1,3,13,28980
PRIO,200,1,1,58,28980
PRIO,200,1,7,8,28979
PRIO,200,1,8,20,28979
PRIO,200,1,6,6,28980
PRIO,200,1,2,78,29130
LIFO,200,2,1,48,29312
LIFO,200,4,2,84,29336
LIFO,200,2,1,113,29350
LIFO,200,2,2,80,29462
LIFO,200,2,7,17,29461
LIFO,200,2,6,11,29461
LIFO,200,2,5,8,29462
PRIO,200,5,4,14,29504
PRIO,200,5,5,8,29504
LIFO,200,4,8,10,29483
LIFO,200,4,6,21,29484
LIFO,200,2,5,11,29497
LIFO,200,2,4,7,29497
LIFO,200,2,2,31,29498
LIFO,200,2,8,8,29496
LIFO,200,2,3,9,29498
LIFO,200,2,6,8,29497
LIFO,200,2,8,13,29612
LIFO,200,2,3,15,29614
LIFO,200,4,5,7,29622
LIFO,200,4,4,4,29623
LIFO,200,4,1,46,29623
LIFO,200,4,7,10,29623
LIFO,200,4,3,18,29624
PRIO,200,5,7,5,29644
PRIO,200,5,8,7,29644
PRIO,200,5,6,9,29646
PRIO,200,5,2,80,29646
LIFO,200,2,7,13,29646
LIFO,200,2,4,8,29764
PRIO,200,5,3,16,29804
PRIO,200,5,1,61,29805
FIFO,200,4,1,140,30389
FIFO,200,4,3,8,30389
FIFO,200,4,4,6,30530
FIFO,200,4,7,12,30530
FIFO,200,4,2,8,30539
FIFO,200,4,5,11,30540
FIFO,200,4,6,6,30681
FIFO,200,4,8,9,30680
FIFO,200,1,5,1,31134
FIFO,200,1,1,163,31147
FIFO,200,1,2,4,31291
FIFO,200,1,6,6,31290
FIFO,200,1,3,3,31290
FIFO,200,1,4,4,31435
FIFO,200,1,8,9,31434
FIFO,200,1,7,10,31439
LIFO,200,5,3,26,31745
LIFO,200,5,5,11,31745
LIFO,200,5,6,6,31745
LIFO,200,5,8,8,31744
LIFO,200,5,4,6,31745
LIFO,200,5,2,87,31745
FIFO,200,3,8,4,31895
LIFO,200,5,1,48,31891
LIFO,200,5,7,8,31890
FIFO,200,3,1,162,32046
FIFO,200,3,3,6,32047
FIFO,200,3,4,2,32047
FIFO,200,3,5,5,32047
FIFO,200,3,2,11,32047
FIFO,200,3,6,2,32048
FIFO,200,3,7,8,32193
PRIO,200,3,1,108,32150
PRIO,200,3,4,6,32150
PRIO,200,3,8,15,32149
PRIO,200,3,5,9,32299
PRIO,200,3,2,26,32300
PRIO,200,3,3,12,32300
LIFO,200,5,2,57,32439
LIFO,200,5,1,79,32441
PRIO,200,3,7,13,32448
PRIO,200,3,6,11,32450
LIFO,200,5,3,14,32589
PRIO,200,5,1,122,32579
PRIO,200,5,2,25,32591
PRIO,200,5,3,14,32716
LIFO,200,5,4,9,32739
LIFO,200,5,6,9,32739
LIFO,200,5,8,9,32739
LIFO,200,5,5,11,32739
LIFO,200,5,7,12,32739
PRIO,200,5,6,6,32728
PRIO,200,5,4,9,32737
PRIO,200,5,7,5,32739
PRIO,200,5,8,6,32877
PRIO,200,5,5,13,32878
PRIO,200,5,1,79,33073
PRIO,200,5,4,13,33072
PRIO,200,3,2,53,33126
PRIO,200,3,1,83,33127
FIFO,200,1,2,14,33108
FIFO,200,2,3,5,33153
PRIO,200,1,1,91,33221
PRIO,200,5,2,60,33221
PRIO,200,5,8,11,33220
PRIO,200,5,5,6,33221
PRIO,200,5,7,12,33220
PRIO,200,5,3,8,33222
PRIO,200,3,8,9,33275
PRIO,200,3,5,9,33275
PRIO,200,3,4,14,33276
FIFO,200,1,7,3,33256
FIFO,200,1,6,6,33256
FIFO,200,1,8,10,33256
FIFO,200,1,5,6,33257
FIFO,200,1,3,7,33259
FIFO,200,1,4,14,33258
FIFO,200,2,7,8,33301
FIFO,200,2,6,5,33301
FIFO,200,2,8,6,33301
FIFO,200,2,5,8,33301
FIFO,200,2,4,13,33303
FIFO,200,2,2,9,33304
FIFO,200,1,1,140,33310
PRIO,200,1,2,57,33372
PRIO,200,1,8,9,33373
PRIO,200,1,7,8,33374
PRIO,200,1,5,8,33374
PRIO,200,5,6,11,33362
FIFO,200,2,1,171,33414
FIFO,200,2,6,4,33413
FIFO,200,2,8,2,33412
FIFO,200,3,6,9,33367
FIFO,200,3,2,14,33368
PRIO,200,3,6,7,33425
PRIO,200,3,3,12,33427
PRIO,200,3,7,13,33426
FIFO,200,2,1,146,33452
PRIO,200,1,6,5,33486
PRIO,200,1,4,12,33486
PRIO,200,1,3,10,33487
PRIO,200,4,1,90,33511
FIFO,200,5,1,170,33546
FIFO,200,5,5,4,33546
FIFO,200,3,7,7,33517
FIFO,200,3,8,5,33516
FIFO,200,3,4,6,33519
FIFO,200,3,5,2,33518
FIFO,200,3,3,7,33519
FIFO,200,2,3,6,33567
FIFO,200,2,7,1,33568
FIFO,200,2,4,4,33568
FIFO,200,2,2,8,33568
FIFO,200,2,5,4,33568
FIFO,200,5,4,1,33683
FIFO,200,5,7,9,33692
PRIO,200,4,2,59,33660
PRIO,200,4,6,7,33661
PRIO,200,4,7,5,33661
FIFO,200,5,6,2,33696
FIFO,200,3,1,150,33655
FIFO,200,5,8,4,33832
FIFO,200,5,3,6,33834
FIFO,200,5,2,4,33835
PRIO,200,4,8,5,33808
PRIO,200,4,5,10,33809
PRIO,200,4,3,8,33809
PRIO,200,4,4,16,33809
FIFO,200,1,3,7,34376
FIFO,200,4,2,13,34346
FIFO,200,4,1,139,34354
FIFO,200,4,2,10,34398
FIFO,200,4,7,8,34355
FIFO,200,1,1,151,34412
FIFO,200,4,5,9,34446
FIFO,200,1,4,4,34525
FIFO,200,1,8,8,34525
FIFO,200,1,2,10,34525
FIFO,200,4,7,7,34538
FIFO,200,4,4,5,34539
FIFO,200,4,8,7,34538
FIFO,200,4,5,9,34539
FIFO,200,4,4,3,34495
FIFO,200,4,3,7,34540
FIFO,200,4,3,3,34495
FIFO,200,4,8,22,34495
FIFO,200,4,1,150,34548
FIFO,200,5,2,14,34546
FIFO,200,4,6,3,34506
FIFO,200,1,6,13,34675
FIFO,200,1,7,3,34676
FIFO,200,1,5,4,34676
FIFO,200,4,6,5,34678
FIFO,200,5,8,11,34683
FIFO,200,5,7,5,34695
FIFO,200,5,6,11,34696
FIFO,200,5,3,4,34696
FIFO,200,5,5,4,34696
FIFO,200,5,4,2,34697
FIFO,200,5,1,149,34701
PRIO,200,1,1,121,34696
PRIO,200,1,4,14,34829
PRIO,200,1,5,10,34830
PRIO,200,1,2,18,34832
PRIO,200,1,8,5,34975
PRIO,200,1,6,5,34976
PRIO,200,1,7,6,34976
PRIO,200,1,3,21,34996
FIFO,200,3,2,13,35065
FIFO,200,3,1,138,35108
FIFO,200,3,5,4,35199
FIFO,200,3,7,14,35202
FIFO,200,3,6,12,35205
LIFO,200,5,1,128,35320
FIFO,200,3,3,7,35349
FIFO,200,3,4,11,35350
FIFO,200,3,8,1,35352
LIFO,200,5,5,7,35450
LIFO,200,5,6,8,35468
LIFO,200,5,7,8,35468
LIFO,200,5,2,26,35470
FIFO,200,5,2,12,35551
FIFO,200,5,3,11,35551
FIFO,200,5,1,139,35553
LIFO,200,5,3,10,35606
LIFO,200,5,8,5,35605
LIFO,200,5,4,8,35606
FIFO,200,5,4,12,35648
FIFO,200,5,5,6,35701
FIFO,200,5,8,10,35701
FIFO,200,5,7,6,35701
FIFO,200,5,6,4,35702
LIFO,200,3,4,11,35769
LIFO,200,3,6,13,35768
LIFO,200,3,1,84,35769
FIFO,200,2,3,10,35804
FIFO,200,2,2,6,35806
LIFO,200,3,3,15,35919
FIFO,200,2,5,10,35954
FIFO,200,2,8,4,35953
FIFO,200,2,7,8,35954
FIFO,200,2,4,5,35954
FIFO,200,2,6,17,35953
FIFO,200,2,1,140,35989
LIFO,200,3,5,8,36061
LIFO,200,3,7,8,36061
LIFO,200,3,2,50,36062
LIFO,200,3,8,11,36061
LIFO,200,3,1,152,36147
LIFO,200,3,3,5,36225
LIFO,200,3,8,1,36225
PRIO,200,4,1,123,36262
PRIO,200,4,8,9,36380
PRIO,200,4,6,10,36381
PRIO,200,4,2,26,36385
LIFO,200,3,7,4,36378
LIFO,200,3,5,6,36379
LIFO,200,3,2,30,36395
LIFO,200,3,4,0,36414
LIFO,200,3,6,2,36444
PRIO,200,4,4,3,36534
PRIO,200,4,5,11,36534
PRIO,200,4,3,7,36534
PRIO,200,4,7,11,36535
PRIO,200,2,1,106,37261
PRIO,200,2,3,13,37386
PRIO,200,2,5,2,37387
PRIO,200,2,6,4,37387
PRIO,200,2,8,4,37387
PRIO,200,2,2,63,37418
PRIO,200,2,7,5,37418
PRIO,200,2,4,3,37429
LIFO,200,4,2,54,38593
PRIO,200,2,1,117,38606
LIFO,200,4,1,84,38743
LIFO,200,4,7,7,38741
PRIO,200,2,8,4,38729
PRIO,200,2,7,12,38736
PRIO,200,2,2,26,38738
PRIO,200,2,6,9,38753
PRIO,200,2,4,7,38754
LIFO,200,4,8,9,38879
LIFO,200,4,4,11,38880
LIFO,200,4,3,13,38881
LIFO,200,4,5,15,38880
PRIO,200,2,3,17,38888
PRIO,200,2,5,8,38897
LIFO,200,4,6,7,39042
LIFO,200,2,1,112,39673
LIFO,200,2,4,3,39792
LIFO,200,2,7,5,39792
LIFO,200,2,2,66,39806
LIFO,200,2,8,3,39921
LIFO,200,2,6,3,39946
LIFO,200,2,5,3,39946
LIFO,200,2,3,5,39972
LIFO,200,1,1,160,40163
LIFO,200,1,2,30,40232
LIFO,200,4,1,158,40227
LIFO,200,1,8,0,40266
LIFO,200,1,4,4,40267
LIFO,200,1,7,0,40266
LIFO,200,1,5,1,40267
LIFO,200,4,2,31,40357
LIFO,200,4,3,4,40439
LIFO,200,4,7,2,40438
LIFO,200,4,8,4,40439
LIFO,200,4,5,0,40441
LIFO,200,1,3,3,40461
LIFO,200,4,4,1,40471
LIFO,200,1,6,2,40479
LIFO,200,4,6,0,40472
LIFO,200,1,1,109,41028
LIFO,200,1,7,3,41148
LIFO,200,1,5,2,41150
LIFO,200,1,4,5,41152
LIFO,200,1,6,4,41295
LIFO,200,1,8,2,41295
LIFO,200,1,3,8,41322
LIFO,200,1,2,67,41323
LIFO,400,3,3,22,51067
LIFO,400,3,1,135,51218
LIFO,400,3,5,21,51368
LIFO,400,3,6,18,51368
LIFO,400,3,7,28,51368
LIFO,400,3,4,41,51368
LIFO,400,3,8,22,51368
LIFO,400,3,2,113,51369
LIFO,400,2,5,14,51664
LIFO,400,2,1,138,51814
LIFO,400,2,6,15,51963
LIFO,400,2,8,34,51963
LIFO,400,2,7,19,51963
LIFO,400,2,3,40,52113
LIFO,400,2,4,17,52114
LIFO,400,2,2,123,52114
LIFO,400,4,1,138,54671
LIFO,400,4,5,15,54670
LIFO,400,4,6,23,54670
LIFO,400,4,4,14,54671
LIFO,400,4,7,21,54670
LIFO,400,4,8,27,54670
LIFO,400,4,3,37,54820
LIFO,400,4,2,125,54830
PRIO,400,1,6,13,56219
PRIO,400,1,1,163,56219
PRIO,400,1,8,17,56219
PRIO,400,1,5,12,56220
PRIO,400,1,2,136,56228
PRIO,400,1,4,20,56228
PRIO,400,1,7,13,56520
PRIO,400,1,3,26,56520
PRIO,400,2,1,160,57009
PRIO,400,2,5,20,57010
LIFO,400,5,5,16,57082
LIFO,400,5,4,18,57082
PRIO,400,2,4,18,57159
PRIO,400,4,2,15,57251
PRIO,400,4,8,22,57250
PRIO,400,4,6,36,57250
PRIO,400,4,5,18,57251
PRIO,400,4,7,13,57251
PRIO,400,4,4,32,57252
LIFO,400,5,1,143,57232
PRIO,400,2,3,12,57308
PRIO,400,2,7,8,57308
PRIO,400,2,2,133,57310
PRIO,400,4,1,135,57391
PRIO,400,4,3,129,57403
LIFO,400,5,6,15,57382
LIFO,400,5,8,23,57381
LIFO,400,5,7,21,57382
PRIO,400,2,6,15,57459
PRIO,400,2,8,34,57458
LIFO,400,5,2,122,57520
LIFO,400,5,3,42,57520
PRIO,400,3,1,160,58207
PRIO,400,3,5,7,58206
PRIO,400,3,4,19,58206
PRIO,400,3,6,15,58206
PRIO,400,3,8,18,58207
PRIO,400,3,7,20,58207
PRIO,400,3,2,129,58351
PRIO,400,3,3,32,58506
PRIO,400,5,3,16,59042
PRIO,400,5,5,15,59192
PRIO,400,5,7,16,59192
PRIO,400,5,1,161,59203
PRIO,400,5,2,140,59203
PRIO,400,5,8,23,59342
PRIO,400,5,4,15,59342
PRIO,400,5,6,14,59342
LIFO,400,1,1,156,59629
LIFO,400,1,2,121,59629
LIFO,400,1,3,39,59929
LIFO,400,1,4,17,59929
LIFO,400,1,8,19,59928
LIFO,400,1,7,16,59928
LIFO,400,1,5,13,59929
LIFO,400,1,6,19,59928
PRIO,400,3,1,227,60746
PRIO,400,3,2,52,60895
PRIO,400,3,3,16,60895
PRIO,400,3,6,24,60894
PRIO,400,3,8,18,60894
PRIO,400,3,7,18,60895
PRIO,400,3,4,19,60895
PRIO,400,3,5,26,61046
PRIO,400,4,1,226,62335
PRIO,400,5,1,222,62388
PRIO,400,4,2,54,62470
PRIO,400,4,8,24,62469
PRIO,400,4,6,19,62469
PRIO,400,4,4,30,62471
PRIO,400,4,7,18,62470
PRIO,400,4,5,14,62470
PRIO,400,5,4,25,62536
PRIO,400,5,2,43,62538
PRIO,400,5,7,20,62537
PRIO,400,5,5,18,62537
PRIO,400,5,6,13,62537
PRIO,400,5,8,21,62537
PRIO,400,4,3,15,62621
PRIO,400,5,3,38,62687
LIFO,400,2,1,247,63576
LIFO,400,2,7,19,63725
LIFO,400,2,4,16,63876
LIFO,400,2,5,16,63875
LIFO,400,2,2,43,63876
LIFO,400,2,6,24,63875
LIFO,400,2,3,19,63876
LIFO,400,2,8,16,63875
PRIO,400,1,4,21,64509
PRIO,400,1,3,18,64510
PRIO,400,1,8,21,64510
PRIO,400,1,1,242,64510
PRIO,400,1,7,13,64510
PRIO,400,1,2,29,64511
PRIO,400,1,6,42,64510
PRIO,400,1,5,14,64510
FIFO,400,4,2,15,65204
FIFO,400,2,2,11,65264
FIFO,400,2,8,14,65263
FIFO,400,2,4,5,65264
FIFO,400,4,4,7,65352
FIFO,400,4,7,14,65352
FIFO,400,4,3,9,65353
FIFO,400,4,5,8,65352
FIFO,400,4,8,12,65352
FIFO,400,2,6,11,65412
FIFO,400,4,1,325,65503
FIFO,400,4,6,10,65503
FIFO,400,2,7,10,65562
FIFO,400,2,1,327,65564
FIFO,400,2,3,11,65564
FIFO,400,2,5,11,65574
FIFO,400,3,2,8,65955
FIFO,400,3,8,4,65954
FIFO,400,3,7,14,65954
FIFO,400,3,4,6,66105
FIFO,400,3,5,7,66105
FIFO,400,1,4,11,66112
FIFO,400,1,1,299,66190
FIFO,400,3,6,13,66254
FIFO,400,3,1,336,66255
FIFO,400,3,3,12,66255
FIFO,400,1,6,20,66470
FIFO,400,1,7,12,66470
FIFO,400,1,5,12,66471
FIFO,400,1,8,22,66469
FIFO,400,1,3,10,66470
FIFO,400,1,2,14,66470
FIFO,400,2,2,19,66501
FIFO,400,2,1,304,66650
FIFO,400,2,7,11,66650
FIFO,400,2,6,13,66651
FIFO,400,2,8,18,66651
FIFO,400,2,4,7,66651
FIFO,400,2,5,12,66651
FIFO,400,2,3,16,66801
FIFO,400,1,2,7,67006
FIFO,400,1,7,11,67006
FIFO,400,1,6,7,67006
FIFO,400,1,4,10,67006
FIFO,400,1,1,324,67156
FIFO,400,1,8,19,67156
FIFO,400,5,1,299,67174
FIFO,400,5,2,17,67179
FIFO,400,1,3,13,67306
FIFO,400,1,5,9,67305
FIFO,400,5,7,20,67324
FIFO,400,5,8,10,67324
FIFO,400,5,4,12,67325
FIFO,400,3,2,20,67307
FIFO,400,5,3,9,67450
FIFO,400,5,5,13,67470
FIFO,400,5,3,14,67472
FIFO,400,5,6,15,67473
FIFO,400,3,5,12,67457
FIFO,400,3,3,25,67458
FIFO,400,3,4,22,67458
FIFO,400,3,7,15,67459
FIFO,400,3,8,8,67458
FIFO,400,3,6,22,67459
FIFO,400,5,2,6,67600
FIFO,400,5,8,8,67599
FIFO,400,3,1,276,67582
FIFO,400,5,1,338,67748
FIFO,400,5,4,10,67750
FIFO,400,5,5,4,67751
FIFO,400,5,7,11,67750
FIFO,400,5,6,14,67899
FIFO,400,4,1,304,68417
FIFO,400,4,5,17,68416
FIFO,400,4,8,23,68415
FIFO,400,4,4,14,68416
FIFO,400,4,6,6,68416
FIFO,400,3,1,304,68457
FIFO,400,4,2,9,68567
FIFO,400,4,7,18,68566
FIFO,400,4,3,9,68566
FIFO,400,3,8,10,68569
FIFO,400,3,2,18,68720
FIFO,400,3,6,11,68719
FIFO,400,3,4,15,68719
FIFO,400,3,7,18,68719
FIFO,400,3,3,8,68720
FIFO,400,3,5,16,68720
PRIO,400,5,2,115,68752
PRIO,400,5,6,12,68874
PRIO,400,5,8,18,68898
PRIO,400,5,1,207,68905
PRIO,400,5,7,8,69024
PRIO,400,5,5,12,69026
PRIO,400,5,4,11,69025
PRIO,400,5,3,17,69037
PRIO,400,1,3,101,69361
PRIO,400,1,6,24,69361
PRIO,400,1,1,182,69362
FIFO,400,1,2,15,69404
FIFO,400,2,2,13,69404
PRIO,400,1,2,15,69515
PRIO,400,1,7,13,69514
FIFO,400,2,1,276,69438
FIFO,400,1,3,21,69536
FIFO,400,2,8,20,69551
FIFO,400,1,8,18,69554
FIFO,400,1,5,30,69555
FIFO,400,1,6,15,69561
FIFO,400,1,7,13,69561
FIFO,400,2,7,17,69559
FIFO,400,1,4,12,69563
FIFO,400,2,3,21,69561
FIFO,400,2,5,16,69561
FIFO,400,2,6,17,69561
FIFO,400,2,4,20,69562
PRIO,400,1,4,22,69661
PRIO,400,1,5,22,69661
PRIO,400,1,8,21,69660
LIFO,400,4,2,108,69649
FIFO,400,1,1,276,69696
FIFO,400,5,2,24,69707
FIFO,400,4,2,21,69726
LIFO,400,4,1,198,69795
FIFO,400,5,5,14,69846
FIFO,400,5,6,14,69846
FIFO,400,5,4,20,69846
FIFO,400,5,7,19,69847
FIFO,400,5,8,19,69847
FIFO,400,5,3,14,69854
FIFO,400,4,5,30,69874
FIFO,400,4,4,11,69875
FIFO,400,4,6,15,69875
FIFO,400,4,7,18,69880
LIFO,400,4,7,13,69948
LIFO,400,4,5,13,69949
LIFO,400,4,4,11,69949
LIFO,400,4,3,24,69949
LIFO,400,4,6,20,69948
LIFO,400,4,8,13,69948
FIFO,400,4,8,10,69900
FIFO,400,4,3,19,69899
FIFO,400,5,1,276,69948
FIFO,400,4,1,276,69961
LIFO,400,5,1,283,70026
LIFO,400,5,3,16,70083
LIFO,400,5,8,12,70082
LIFO,400,5,6,10,70093
LIFO,400,5,5,9,70093
LIFO,400,5,7,13,70236
LIFO,400,5,4,7,70237
LIFO,400,5,2,50,70246
LIFO,400,4,1,294,70390
LIFO,400,4,5,11,70441
LIFO,400,4,7,9,70445
LIFO,400,4,6,9,70446
LIFO,400,4,2,49,70448
LIFO,400,3,1,283,70594
LIFO,400,4,3,9,70619
LIFO,400,4,4,14,70619
LIFO,400,4,8,5,70619
LIFO,400,3,8,13,70624
LIFO,400,3,5,15,70658
LIFO,400,3,6,6,70658
LIFO,400,3,3,16,70659
LIFO,400,3,2,46,70779
LIFO,400,3,7,10,70791
LIFO,400,3,4,11,70791
LIFO,400,5,2,116,72799
LIFO,400,5,7,8,72897
LIFO,400,5,8,9,72917
LIFO,400,5,5,8,72929
LIFO,400,5,3,9,72998
LIFO,400,5,1,239,73055
LIFO,400,5,6,6,73079
LIFO,400,5,4,5,73081
LIFO,400,1,1,340,73048
LIFO,400,1,7,0,73101
LIFO,400,1,6,1,73101
LIFO,400,1,5,1,73146
LIFO,400,1,8,0,73146
PRIO,400,2,1,325,73333
PRIO,400,2,2,8,73352
PRIO,400,4,1,192,73405
LIFO,400,1,3,6,73329
LIFO,400,1,4,1,73331
PRIO,400,2,7,4,73356
PRIO,400,2,8,4,73356
LIFO,400,1,2,51,73347
LIFO,400,2,1,207,73424
PRIO,400,2,6,3,73389
PRIO,400,2,3,2,73389
PRIO,400,4,2,111,73555
PRIO,400,2,5,7,73521
LIFO,400,2,2,107,73573
PRIO,400,2,4,47,73559
LIFO,400,2,7,15,73611
PRIO,400,4,3,21,73680
PRIO,400,4,7,14,73705
PRIO,400,4,4,17,73708
LIFO,400,2,6,16,73721
LIFO,400,2,4,15,73721
LIFO,400,2,5,11,73721
LIFO,400,2,8,10,73720
PRIO,400,4,5,17,73834
PRIO,400,4,6,10,73834
PRIO,400,4,8,18,73853
LIFO,400,2,3,19,73868
LIFO,400,1,2,110,74820
LIFO,400,1,1,204,74821
LIFO,400,1,4,12,74960
LIFO,400,1,6,9,74960
LIFO,400,1,5,13,75090
LIFO,400,1,8,19,75090
LIFO,400,1,7,11,75090
LIFO,400,1,3,22,75092
PRIO,400,3,2,99,75378
PRIO,400,3,6,18,75378
PRIO,400,3,8,18,75379
PRIO,400,3,4,19,75379
PRIO,400,3,1,178,75529
PRIO,400,3,3,15,75529
PRIO,400,3,7,24,75529
PRIO,400,3,5,29,75678
LIFO,400,3,1,195,76763
LIFO,400,3,3,17,76762
LIFO,400,3,5,16,76762
LIFO,400,3,2,93,76762
LIFO,400,3,8,22,76761
LIFO,400,3,4,23,76919
LIFO,400,3,6,16,77069
LIFO,400,3,7,18,77069
PRIO,400,2,5,7,77685
PRIO,400,2,2,119,77686
PRIO,400,2,7,9,77838
PRIO,400,2,6,8,77838
PRIO,400,2,4,4,77839
PRIO,400,2,3,14,77839
PRIO,400,2,1,232,77902
PRIO,400,2,8,7,77985
LIFO,800,5,7,35,104857
LIFO,800,5,1,213,104859
LIFO,800,5,3,158,104859
LIFO,800,5,5,28,104858
LIFO,800,5,2,281,105009
LIFO,800,5,8,29,105157
LIFO,800,5,4,34,105158
LIFO,800,5,6,22,105158
PRIO,800,4,3,30,109095
LIFO,800,2,3,155,109194
PRIO,800,4,7,29,109241
PRIO,800,4,6,37,109241
PRIO,800,4,2,328,109243
PRIO,800,4,8,88,109242
PRIO,800,4,1,216,109246
LIFO,800,2,2,283,109333
LIFO,800,2,7,25,109343
LIFO,800,2,6,28,109343
LIFO,800,2,8,34,109343
LIFO,800,2,1,226,109345
PRIO,800,4,4,25,109391
PRIO,800,4,5,47,109392
LIFO,800,2,4,27,109477
LIFO,800,2,5,22,109481
PRIO,800,3,5,38,111534
PRIO,800,3,2,71,111535
PRIO,800,3,1,197,111684
PRIO,800,3,7,34,111684
PRIO,800,3,8,23,111685
PRIO,800,3,6,35,111834
PRIO,800,3,3,46,111834
PRIO,800,3,4,356,111835
PRIO,800,1,2,294,112184
LIFO,800,1,8,49,112218
LIFO,800,1,7,37,112218
LIFO,800,1,1,183,112220
LIFO,800,1,3,160,112219
PRIO,800,1,5,28,112305
PRIO,800,1,7,28,112383
LIFO,800,1,2,248,112369
LIFO,800,1,6,36,112369
LIFO,800,1,5,44,112369
LIFO,800,1,4,43,112369
PRIO,800,1,3,137,112473
PRIO,800,1,1,250,112473
PRIO,800,1,6,18,112480
PRIO,800,1,4,22,112481
PRIO,800,1,8,23,112480
PRIO,800,5,6,20,118987
PRIO,800,5,3,32,118988
PRIO,800,5,7,18,118987
PRIO,800,5,8,21,118987
PRIO,800,5,4,69,118988
PRIO,800,5,5,40,119137
PRIO,800,5,2,373,119139
PRIO,800,5,1,227,119289
PRIO,800,2,6,25,120029
PRIO,800,2,3,18,120030
PRIO,800,2,4,27,120030
PRIO,800,2,7,28,120052
PRIO,800,2,5,23,120053
PRIO,800,2,8,20,120178
PRIO,800,2,2,443,120179
PRIO,800,2,1,216,120203
FIFO,800,3,1,615,123556
FIFO,800,3,6,32,123705
FIFO,800,3,3,23,123706
FIFO,800,3,2,29,123706
FIFO,800,3,4,29,123706
FIFO,800,3,8,27,123854
FIFO,800,3,7,22,123855
FIFO,800,3,5,23,123856
LIFO,800,3,6,19,125881
LIFO,800,3,7,27,125880
LIFO,800,3,2,337,125881
LIFO,800,3,8,20,125880
LIFO,800,3,5,16,126031
LIFO,800,3,3,24,126031
LIFO,800,3,4,23,126031
LIFO,800,3,1,334,126031
FIFO,800,5,3,32,126223
FIFO,800,5,5,14,126223
FIFO,800,5,8,16,126222
FIFO,800,5,2,34,126224
FIFO,800,5,6,20,126224
FIFO,800,5,4,21,126374
FIFO,800,5,1,642,126374
FIFO,800,5,7,21,126522
FIFO,800,2,1,658,127088
FIFO,800,2,5,21,127238
FIFO,800,2,7,26,127237
FIFO,800,2,3,20,127388
FIFO,800,2,6,20,127388
FIFO,800,2,8,15,127387
FIFO,800,2,4,19,127388
FIFO,800,2,2,21,127388
FIFO,800,1,4,31,127658
FIFO,800,1,3,26,127663
FIFO,800,1,5,12,127663
FIFO,800,1,7,24,127806
FIFO,800,1,8,12,127812
FIFO,800,1,1,656,127815
FIFO,800,1,2,24,127959
FIFO,800,1,6,15,127959
FIFO,800,4,2,20,128434
FIFO,800,4,5,19,128435
FIFO,800,4,7,9,128435
FIFO,800,4,6,17,128435
FIFO,800,4,3,15,128434
FIFO,800,4,4,35,128434
FIFO,800,4,8,17,128584
FIFO,800,4,1,668,128586
LIFO,800,4,2,340,129632
LIFO,800,4,4,21,129780
LIFO,800,4,8,19,129930
LIFO,800,4,3,24,129932
LIFO,800,4,5,16,129931
LIFO,800,4,6,19,129931
LIFO,800,4,7,18,129931
LIFO,800,4,1,343,129932
FIFO,800,1,1,593,134066
FIFO,800,1,6,26,134191
FIFO,800,1,4,21,134208
FIFO,800,1,7,33,134221
FIFO,800,1,8,33,134221
FIFO,800,1,2,36,134222
FIFO,800,1,5,31,134359
FIFO,800,1,3,27,134371
FIFO,800,5,3,40,134597
FIFO,800,5,2,36,134597
FIFO,800,5,1,552,134662
FIFO,800,5,5,32,134759
FIFO,800,5,8,35,134758
FIFO,800,5,4,41,134760
FIFO,800,5,6,28,134759
FIFO,800,5,7,36,134759
FIFO,800,4,1,597,135218
FIFO,800,4,6,27,135404
FIFO,800,4,8,25,135404
FIFO,800,4,3,35,135411
FIFO,800,4,4,30,135412
FIFO,800,4,5,25,135412
FIFO,800,4,7,27,135412
FIFO,800,4,2,34,135417
FIFO,800,1,2,28,135514
FIFO,800,1,1,552,135528
FIFO,800,1,6,34,135651
FIFO,800,1,5,38,135664
FIFO,800,1,8,38,135664
FIFO,800,1,7,50,135665
FIFO,800,1,4,30,135665
FIFO,800,1,3,30,135665
FIFO,800,2,1,598,135992
FIFO,800,2,6,31,136007
FIFO,800,2,8,29,136008
FIFO,800,2,3,21,136015
FIFO,800,2,4,25,136015
FIFO,800,2,7,38,136019
FIFO,800,2,5,28,136021
FIFO,800,2,2,30,136021
FIFO,800,2,6,32,136413
FIFO,800,3,2,38,136412
FIFO,800,2,2,38,136414
FIFO,800,3,1,552,136480
FIFO,800,2,1,552,136487
FIFO,800,2,7,25,136562
FIFO,800,3,6,35,136561
FIFO,800,3,8,31,136561
FIFO,800,2,5,44,136563
FIFO,800,2,4,38,136563
FIFO,800,3,4,45,136562
FIFO,800,3,3,34,136563
FIFO,800,3,7,28,136563
FIFO,800,2,8,43,136564
FIFO,800,3,5,37,136563
FIFO,800,2,3,28,136564
PRIO,800,3,7,48,138302
PRIO,800,3,1,350,138302
PRIO,800,3,8,40,138452
PRIO,800,3,6,47,138452
PRIO,800,3,5,41,138452
PRIO,800,3,3,146,138452
PRIO,800,3,2,80,138452
PRIO,800,3,4,48,138606
PRIO,800,4,1,414,139178
PRIO,800,4,3,55,139179
PRIO,800,4,4,47,139178
PRIO,800,4,6,39,139178
PRIO,800,4,8,48,139178
PRIO,800,4,7,39,139178
PRIO,800,4,5,49,139328
PRIO,800,4,2,109,139473
FIFO,800,3,1,593,139760
FIFO,800,3,8,32,139765
FIFO,800,3,6,42,139918
FIFO,800,3,4,34,139919
FIFO,800,3,3,27,139920
FIFO,800,3,2,34,139920
FIFO,800,3,5,20,139919
FIFO,800,3,7,18,139920
FIFO,800,5,1,594,141570
FIFO,800,5,3,33,141569
FIFO,800,5,7,35,141569
FIFO,800,5,4,28,141570
FIFO,800,5,6,29,141569
FIFO,800,5,8,23,141569
FIFO,800,5,2,35,141720
FIFO,800,5,5,23,141719
FIFO,800,4,6,38,142102
FIFO,800,4,4,43,142114
FIFO,800,4,2,40,142121
FIFO,800,4,1,552,142158
FIFO,800,4,5,28,142251
FIFO,800,4,7,32,142250
FIFO,800,4,8,35,142251
FIFO,800,4,3,32,142271
PRIO,800,3,1,485,142350
PRIO,800,3,8,37,142349
PRIO,800,3,6,37,142350
PRIO,800,3,5,36,142350
PRIO,800,3,4,36,142500
PRIO,800,3,3,112,142650
PRIO,800,3,7,35,142649
PRIO,800,3,2,22,142650
PRIO,800,2,2,71,143996
PRIO,800,2,4,165,144146
PRIO,800,2,8,47,144152
PRIO,800,2,1,372,144154
LIFO,800,5,2,114,144120
LIFO,800,5,8,30,144119
PRIO,800,2,3,35,144295
PRIO,800,2,5,29,144295
PRIO,800,2,7,42,144294
PRIO,800,2,6,39,144296
LIFO,800,5,1,460,144269
LIFO,800,5,7,34,144419
LIFO,800,5,5,26,144419
LIFO,800,5,4,47,144419
LIFO,800,5,6,45,144419
LIFO,800,5,3,44,144420
LIFO,800,2,5,34,145401
LIFO,800,2,2,103,145401
LIFO,800,2,1,474,145553
LIFO,800,2,3,44,145702
LIFO,800,2,7,27,145702
LIFO,800,2,4,44,145702
LIFO,800,2,6,34,145702
LIFO,800,2,8,40,145701
PRIO,800,5,2,113,146239
PRIO,800,5,1,562,146314
PRIO,800,5,4,18,146398
PRIO,800,5,7,24,146415
PRIO,800,5,5,23,146428
PRIO,800,5,6,22,146429
PRIO,800,5,3,24,146429
PRIO,800,5,8,14,146528
LIFO,800,4,1,473,146633
LIFO,800,5,3,51,146811
LIFO,800,5,7,37,146810
LIFO,800,5,6,46,146810
PRIO,800,4,3,75,146841
PRIO,800,4,1,339,146841
LIFO,800,4,7,28,146763
LIFO,800,4,8,30,146763
LIFO,800,4,5,37,146763
LIFO,800,4,4,43,146764
LIFO,800,3,3,68,146895
LIFO,800,3,4,41,146894
LIFO,800,5,2,150,146961
PRIO,800,4,2,157,146991
LIFO,800,4,6,39,146906
LIFO,800,4,3,39,146914
LIFO,800,3,6,50,147044
LIFO,800,4,2,111,146928
LIFO,800,5,1,381,147111
LIFO,800,5,8,44,147110
LIFO,800,5,4,43,147110
LIFO,800,5,5,48,147110
PRIO,800,4,7,39,147141
PRIO,800,4,4,47,147141
PRIO,800,4,5,52,147141
PRIO,800,4,6,42,147141
PRIO,800,4,8,49,147141
LIFO,800,3,1,348,147195
LIFO,800,3,5,45,147194
LIFO,800,3,2,142,147195
LIFO,800,3,8,54,147193
LIFO,800,3,7,52,147194
PRIO,800,1,8,67,148178
PRIO,800,1,2,179,148293
PRIO,800,1,1,450,148336
PRIO,800,1,5,19,148363
PRIO,800,1,4,21,148364
PRIO,800,1,3,24,148364
PRIO,800,1,6,23,148441
PRIO,800,1,7,17,148442
PRIO,800,5,3,66,148442
PRIO,800,5,6,10,148511
PRIO,800,5,2,198,148543
PRIO,800,5,1,499,148633
PRIO,800,5,5,10,148705
PRIO,800,5,4,5,148706
PRIO,800,5,7,9,148706
PRIO,800,5,8,3,148705
PRIO,800,1,4,119,149904
PRIO,800,1,1,530,149905
PRIO,800,1,7,26,150053
PRIO,800,1,3,22,150053
PRIO,800,1,8,27,150053
PRIO,800,1,2,32,150053
PRIO,800,1,5,20,150054
PRIO,800,1,6,24,150204
LIFO,800,3,1,543,153751
LIFO,800,3,5,22,153761
LIFO,800,3,6,22,153762
LIFO,800,3,3,30,153803
LIFO,800,3,2,115,153956
LIFO,800,3,7,19,153968
LIFO,800,3,8,22,153969
LIFO,800,3,4,27,153969
LIFO,800,1,3,38,154167
LIFO,800,1,1,469,154209
LIFO,800,1,8,25,154331
LIFO,800,1,7,23,154331
LIFO,800,1,6,23,154428
LIFO,800,1,4,20,154430
LIFO,800,1,5,16,154451
LIFO,800,1,2,186,154466
LIFO,800,2,4,31,157030
LIFO,800,2,5,11,157042
LIFO,800,2,3,13,157043
LIFO,800,2,2,187,157064
LIFO,800,2,6,14,157150
LIFO,800,2,8,12,157151
LIFO,800,2,7,20,157173
LIFO,800,2,1,512,157200
PRIO,800,2,2,114,157858
PRIO,800,2,1,548,158003
PRIO,800,2,5,11,158003
PRIO,800,2,6,25,158003
PRIO,800,2,4,33,158158
PRIO,800,2,3,21,158303
PRIO,800,2,8,22,158303
PRIO,800,2,7,26,158303
LIFO,800,4,3,30,159039
LIFO,800,4,5,4,159194
LIFO,800,4,7,5,159224
LIFO,800,4,1,548,159251
LIFO,800,4,2,201,159283
LIFO,800,4,8,5,159288
LIFO,800,4,6,2,159299
LIFO,800,4,4,5,159301
LIFO,800,1,1,649,161264
LIFO,800,1,6,1,161289
LIFO,800,1,7,3,161412
LIFO,800,1,5,9,161461
LIFO,800,1,2,5,161476
LIFO,800,1,4,4,161506
LIFO,800,1,8,4,161505
LIFO,800,1,3,125,161557
LIFO,1600,5,3,204,225167
LIFO,1600,5,5,75,225166
LIFO,1600,5,4,91,225167
LIFO,1600,5,1,466,225168
LIFO,1600,5,6,81,225316
LIFO,1600,5,2,538,225317
LIFO,1600,2,7,78,225456
LIFO,1600,2,2,536,225456
LIFO,1600,5,7,76,225466
LIFO,1600,5,8,69,225466
LIFO,1600,3,1,484,225523
LIFO,1600,2,4,63,225606
LIFO,1600,2,8,77,225606
LIFO,1600,2,5,58,225606
LIFO,1600,2,6,66,225606
LIFO,1600,2,1,511,225607
LIFO,1600,2,3,211,225606
LIFO,1600,3,4,84,225671
LIFO,1600,3,5,79,225672
LIFO,1600,3,7,76,225672
LIFO,1600,3,8,74,225671
LIFO,1600,3,2,526,225673
LIFO,1600,3,3,200,225822
LIFO,1600,3,6,77,225822
PRIO,1600,1,3,541,226489
PRIO,1600,1,6,71,226488
PRIO,1600,1,4,58,226639
PRIO,1600,1,7,62,226638
PRIO,1600,1,1,538,226639
PRIO,1600,1,2,183,226640
PRIO,1600,1,8,69,226639
PRIO,1600,1,5,78,226788
PRIO,1600,5,6,42,226727
PRIO,1600,5,7,56,226727
PRIO,1600,5,8,79,226877
PRIO,1600,5,1,554,226878
PRIO,1600,5,2,576,226878
PRIO,1600,5,4,54,226878
PRIO,1600,5,3,169,227027
PRIO,1600,5,5,70,227027
PRIO,1600,3,3,538,229763
PRIO,1600,3,8,67,229763
PRIO,1600,3,6,72,229913
PRIO,1600,3,1,528,230064
PRIO,1600,3,7,71,230063
PRIO,1600,3,2,182,230064
PRIO,1600,3,5,73,230063
PRIO,1600,3,4,69,230063
PRIO,1600,4,2,65,233266
PRIO,1600,4,3,172,233266
PRIO,1600,4,1,600,233415
PRIO,1600,4,5,70,233416
PRIO,1600,4,7,61,233565
PRIO,1600,4,4,523,233566
PRIO,1600,4,8,56,233565
PRIO,1600,4,6,53,233566
PRIO,1600,2,7,58,234685
PRIO,1600,2,5,55,234685
PRIO,1600,2,8,55,234685
PRIO,1600,2,6,53,234685
PRIO,1600,2,3,188,234686
PRIO,1600,2,2,563,234835
PRIO,1600,2,4,37,234835
PRIO,1600,2,1,591,234835
LIFO,1600,1,2,597,238016
LIFO,1600,1,8,38,238014
LIFO,1600,1,4,43,238165
LIFO,1600,1,1,560,238167
LIFO,1600,1,3,232,238167
LIFO,1600,1,7,44,238315
LIFO,1600,1,6,50,238315
LIFO,1600,1,5,36,238315
LIFO,1600,4,5,22,242421
LIFO,1600,4,4,21,242421
LIFO,1600,4,8,22,242420
LIFO,1600,4,3,211,242421
LIFO,1600,4,2,631,242571
LIFO,1600,4,1,643,242573
LIFO,1600,4,7,16,242720
LIFO,1600,4,6,34,242721
FIFO,1600,1,5,72,250308
FIFO,1600,1,8,86,250309
FIFO,1600,1,4,66,250309
FIFO,1600,1,2,63,250309
FIFO,1600,1,1,1100,250455
FIFO,1600,1,3,60,250459
FIFO,1600,1,6,70,250459
FIFO,1600,1,7,83,250459
FIFO,1600,3,2,45,252061
FIFO,1600,3,8,44,252061
FIFO,1600,3,5,40,252211
FIFO,1600,3,1,1324,252212
FIFO,1600,3,6,33,252211
FIFO,1600,3,7,25,252211
FIFO,1600,3,3,53,252211
FIFO,1600,3,4,36,252361
FIFO,1600,1,5,34,253394
FIFO,1600,1,3,26,253544
FIFO,1600,1,1,1299,253544
FIFO,1600,1,6,39,253544
FIFO,1600,1,8,47,253550
FIFO,1600,1,2,59,253694
FIFO,1600,1,7,55,253694
FIFO,1600,1,4,41,253694
FIFO,1600,2,3,80,256010
FIFO,1600,2,1,1100,256154
FIFO,1600,2,6,66,256160
FIFO,1600,2,4,74,256160
FIFO,1600,2,7,84,256161
FIFO,1600,2,5,72,256161
FIFO,1600,2,8,74,256161
FIFO,1600,2,2,50,256161
FIFO,1600,5,4,36,257506
FIFO,1600,5,5,32,257655
FIFO,1600,5,6,23,257656
FIFO,1600,5,8,31,257656
FIFO,1600,5,7,43,257656
FIFO,1600,5,2,37,257657
FIFO,1600,5,3,42,257805
FIFO,1600,5,1,1356,257807
FIFO,1600,4,1,1100,259288
FIFO,1600,4,6,62,259287
FIFO,1600,4,3,68,259287
FIFO,1600,4,7,47,259436
FIFO,1600,4,2,73,259438
FIFO,1600,4,8,85,259436
FIFO,1600,4,5,73,259437
FIFO,1600,4,4,92,259437
FIFO,1600,2,8,33,260896
FIFO,1600,2,3,39,261047
FIFO,1600,2,7,33,261046
FIFO,1600,2,6,37,261047
FIFO,1600,2,2,24,261047
FIFO,1600,2,1,1361,261197
FIFO,1600,2,5,39,261197
FIFO,1600,2,4,34,261198
FIFO,1600,4,6,41,262395
FIFO,1600,4,7,28,262394
FIFO,1600,4,4,27,262544
FIFO,1600,4,2,31,262545
FIFO,1600,4,3,35,262695
FIFO,1600,4,1,1376,262695
FIFO,1600,4,5,34,262695
FIFO,1600,4,8,28,262694
PRIO,1600,4,6,96,264164
PRIO,1600,4,1,855,264165
PRIO,1600,4,3,87,264464
PRIO,1600,4,2,209,264465
PRIO,1600,4,5,96,264464
PRIO,1600,4,8,96,264464
PRIO,1600,4,4,73,264464
PRIO,1600,4,7,88,264464
FIFO,1600,5,2,66,264409
FIFO,1600,5,1,1100,264549
FIFO,1600,5,7,55,264551
FIFO,1600,5,4,82,264558
FIFO,1600,5,6,84,264558
FIFO,1600,5,5,69,264558
FIFO,1600,5,3,77,264559
FIFO,1600,5,8,67,264558
FIFO,1600,3,2,88,264713
FIFO,1600,3,1,1100,264860
FIFO,1600,3,7,85,264862
FIFO,1600,3,5,59,264863
FIFO,1600,3,6,72,264863
FIFO,1600,3,3,68,264864
FIFO,1600,3,8,59,264874
FIFO,1600,3,4,69,264876
FIFO,1600,4,2,51,269579
FIFO,1600,4,1,1206,269730
FIFO,1600,4,4,54,269729
FIFO,1600,4,6,67,269879
FIFO,1600,4,7,54,269879
FIFO,1600,4,8,61,269879
FIFO,1600,4,3,59,269879
FIFO,1600,4,5,48,269879
FIFO,1600,3,2,69,269983
FIFO,1600,3,8,47,270024
FIFO,1600,3,1,1212,270026
FIFO,1600,3,3,35,270176
FIFO,1600,3,5,45,270176
FIFO,1600,3,7,63,270175
FIFO,1600,3,6,58,270175
FIFO,1600,3,4,71,270176
FIFO,1600,2,8,70,272150
FIFO,1600,2,2,48,272301
FIFO,1600,2,6,49,272301
FIFO,1600,2,7,52,272301
FIFO,1600,2,3,63,272452
FIFO,1600,2,1,1207,272452
FIFO,1600,2,4,58,272452
FIFO,1600,2,5,53,272451
FIFO,1600,1,1,1200,273332
FIFO,1600,1,4,53,273331
FIFO,1600,1,3,56,273481
FIFO,1600,1,2,63,273481
FIFO,1600,1,8,61,273480
FIFO,1600,1,5,61,273481
FIFO,1600,1,7,54,273630
FIFO,1600,1,6,52,273631
FIFO,1600,5,3,66,273780
FIFO,1600,5,8,60,273779
FIFO,1600,5,2,55,273780
FIFO,1600,5,5,51,273930
FIFO,1600,5,6,49,273929
FIFO,1600,5,4,64,273930
FIFO,1600,5,1,1203,273930
FIFO,1600,5,7,52,273929
LIFO,1600,1,1,948,274220
LIFO,1600,1,2,218,274370
LIFO,1600,1,7,91,274519
LIFO,1600,1,3,82,274520
LIFO,1600,1,6,81,274519
LIFO,1600,1,4,52,274520
LIFO,1600,1,5,58,274519
LIFO,1600,1,8,70,274519
PRIO,1600,5,1,984,276811
PRIO,1600,5,6,59,276959
PRIO,1600,5,4,69,276961
PRIO,1600,5,2,207,276961
PRIO,1600,5,7,75,277109
PRIO,1600,5,8,55,277110
PRIO,1600,5,3,78,277111
PRIO,1600,5,5,73,277111
PRIO,1600,2,1,641,288044
PRIO,1600,2,8,53,288044
PRIO,1600,2,4,128,288044
PRIO,1600,2,5,56,288045
PRIO,1600,2,3,51,288194
PRIO,1600,2,7,55,288194
PRIO,1600,2,2,563,288194
PRIO,1600,2,6,53,288344
PRIO,1600,2,1,1128,289834
PRIO,1600,2,6,40,289894
PRIO,1600,2,4,39,289896
PRIO,1600,2,2,224,289907
PRIO,1600,2,8,42,290054
PRIO,1600,2,7,41,290057
PRIO,1600,2,3,46,290060
PRIO,1600,2,5,40,290061
PRIO,1600,4,8,67,291890
PRIO,1600,4,1,622,292041
PRIO,1600,4,3,121,292191
PRIO,1600,4,5,49,292190
PRIO,1600,4,7,60,292190
PRIO,1600,4,6,65,292190
PRIO,1600,4,2,567,292191
PRIO,1600,4,4,49,292340
PRIO,1600,3,1,1191,294454
PRIO,1600,3,6,35,294454
PRIO,1600,3,8,24,294453
PRIO,1600,3,5,26,294458
PRIO,1600,3,7,32,294561
PRIO,1600,3,2,236,294591
PRIO,1600,3,4,23,294711
PRIO,1600,3,3,33,294712
PRIO,1600,1,1,1101,295975
PRIO,1600,1,5,50,296050
PRIO,1600,1,6,49,296057
PRIO,1600,1,3,226,296058
PRIO,1600,1,7,51,296207
PRIO,1600,1,2,41,296207
PRIO,1600,1,8,41,296207
PRIO,1600,1,4,41,296211
PRIO,1600,5,3,139,297270
PRIO,1600,5,1,529,297271
PRIO,1600,5,2,492,297271
PRIO,1600,5,4,100,297271
PRIO,1600,5,5,73,297271
PRIO,1600,5,8,93,297420
PRIO,1600,5,6,85,297571
PRIO,1600,5,7,89,297570
LIFO,1600,5,1,1131,297873
LIFO,1600,5,4,35,297914
LIFO,1600,5,3,51,298078
LIFO,1600,5,2,230,298081
LIFO,1600,5,8,40,298119
LIFO,1600,5,7,39,298121
LIFO,1600,5,5,40,298121
LIFO,1600,5,6,34,298125
LIFO,1600,4,1,1334,302560
LIFO,1600,4,5,3,302625
LIFO,1600,4,7,4,302626
LIFO,1600,4,8,3,302625
LIFO,1600,4,4,3,302628
LIFO,1600,4,6,3,302687
LIFO,1600,4,3,8,302731
LIFO,1600,4,2,242,302815
PRIO,1600,3,1,764,304826
PRIO,1600,3,7,14,304854
PRIO,1600,3,6,16,304973
PRIO,1600,3,2,649,304975
PRIO,1600,1,1,699,305103
PRIO,1600,3,5,13,305012
PRIO,1600,3,4,122,305014
PRIO,1600,1,8,27,305239
PRIO,1600,1,5,50,305242
PRIO,1600,3,3,9,305114
PRIO,1600,1,7,34,305242
PRIO,1600,1,4,118,305243
PRIO,1600,3,8,13,305120
PRIO,1600,1,2,597,305252
PRIO,1600,1,3,33,305392
PRIO,1600,1,6,42,305393
LIFO,1600,3,1,1347,306743
LIFO,1600,3,7,1,306828
LIFO,1600,3,5,4,306860
LIFO,1600,3,4,1,306870
LIFO,1600,3,6,2,306903
LIFO,1600,3,2,242,306941
LIFO,1600,3,8,1,306968
LIFO,1600,3,3,2,307020
LIFO,1600,2,1,1346,308500
LIFO,1600,2,2,242,308560
LIFO,1600,2,7,2,308631
LIFO,1600,2,4,4,308633
LIFO,1600,2,3,0,308634
LIFO,1600,2,8,1,308672
LIFO,1600,2,6,2,308771
LIFO,1600,2,5,3,308786
LIFO,1600,4,2,586,310162
LIFO,1600,4,1,640,310164
LIFO,1600,4,4,140,310263
LIFO,1600,4,5,43,310266
LIFO,1600,4,6,43,310273
LIFO,1600,4,8,50,310274
LIFO,1600,4,7,50,310414
LIFO,1600,4,3,48,310416
LIFO,1600,3,1,692,311147
LIFO,1600,3,2,586,311147
LIFO,1600,3,8,36,311146
LIFO,1600,3,5,34,311146
LIFO,1600,3,7,43,311146
LIFO,1600,3,6,49,311446
LIFO,1600,3,3,126,311446
LIFO,1600,3,4,34,311446
LIFO,1600,2,2,634,315741
LIFO,1600,2,1,741,315786
LIFO,1600,2,6,24,315786
LIFO,1600,2,3,115,315956
LIFO,1600,2,4,28,315980
LIFO,1600,2,7,26,315979
LIFO,1600,2,8,17,315980
LIFO,1600,2,5,15,315981
LIFO,1600,5,2,620,320048
LIFO,1600,5,1,698,320061
LIFO,1600,5,5,29,320166
LIFO,1600,5,8,37,320176
LIFO,1600,5,6,34,320177
LIFO,1600,5,4,26,320320
LIFO,1600,5,7,31,320327
LIFO,1600,5,3,125,320327
LIFO,1600,1,1,743,323183
LIFO,1600,1,6,26,323313
LIFO,1600,1,3,117,323315
LIFO,1600,1,7,23,323314
LIFO,1600,1,8,16,323314
LIFO,1600,1,4,17,323463
LIFO,1600,1,5,25,323463
LIFO,1600,1,2,633,323476
